# Blender v2.79 (sub 0) OBJ File: ''
# www.blender.org
mtllib fRSlope5.mtl
o Cube.009_Cube.003_Cube.009_Cube.010_Cube.009_Cube.003_Cube.009_
v -50.569504 13.804031 -34.494076
v -50.265366 14.955515 -34.485966
v -49.114075 14.651283 -34.464531
v -49.418213 13.499798 -34.472645
v -49.136868 14.648914 -33.273754
v -49.441006 13.497431 -33.281864
v -50.288155 14.953146 -33.295185
v -50.592293 13.801662 -33.303299
vn 0.0191 0.0020 -0.9998
vn 0.9667 -0.2554 0.0180
vn -0.0191 -0.0020 0.9998
vn -0.9667 0.2554 -0.0180
vn -0.2554 -0.9668 -0.0068
vn 0.2554 0.9668 0.0068
usemtl None.1668
s 1
f 1//1 2//1 3//1 4//1
f 4//2 3//2 5//2 6//2
f 6//3 5//3 7//3 8//3
f 8//4 7//4 2//4 1//4
f 4//5 6//5 8//5 1//5
f 5//6 3//6 2//6 7//6
o Cube.008_Cube.004_Cube.008_Cube.028_Cube.008_Cube.004_Cube.008_
v -34.917274 7.998788 12.901473
v -34.911217 9.150272 12.597290
v -34.897575 8.846039 11.445883
v -34.903629 7.694553 11.750066
v -33.706665 8.843670 11.460622
v -33.712723 7.692186 11.764804
v -33.720310 9.147904 12.612028
v -33.726364 7.996419 12.916211
vn -0.9999 0.0020 -0.0124
vn 0.0115 -0.2554 -0.9668
vn 0.9999 -0.0020 0.0124
vn -0.0115 0.2554 0.9668
vn -0.0051 -0.9668 0.2554
vn 0.0051 0.9668 -0.2554
usemtl None.1297
s 1
f 9//7 10//7 11//7 12//7
f 12//8 11//8 13//8 14//8
f 14//9 13//9 15//9 16//9
f 16//10 15//10 10//10 9//10
f 12//11 14//11 16//11 9//11
f 13//12 11//12 10//12 15//12
o Cube.008_Cube.055_Cube.008_Cube.013_Cube.008_Cube.055_Cube.008_
v -26.944305 10.364848 -28.713465
v -27.248466 11.516331 -28.720596
v -28.399817 11.212096 -28.738316
v -28.095655 10.060612 -28.731186
v -28.380863 11.209728 -29.929163
v -28.076700 10.058244 -29.922033
v -27.229511 11.513963 -29.911442
v -26.925352 10.362479 -29.904312
vn -0.0159 0.0020 0.9999
vn -0.9667 -0.2554 -0.0149
vn 0.0159 -0.0020 -0.9999
vn 0.9667 0.2554 0.0149
vn 0.2554 -0.9668 0.0060
vn -0.2554 0.9668 -0.0060
usemtl None.1372
s 1
f 17//13 18//13 19//13 20//13
f 20//14 19//14 21//14 22//14
f 22//15 21//15 23//15 24//15
f 24//16 23//16 18//16 17//16
f 20//17 22//17 24//17 17//17
f 21//18 19//18 18//18 23//18
o Cube.007_Cube.031_Cube.007_Cube.002_Cube.007_Cube.031_Cube.007_
v -33.819202 7.986038 -13.549036
v -33.832279 9.137524 -13.245070
v -33.872501 8.833286 -12.094286
v -33.859425 7.681804 -12.398251
v -35.062752 8.830919 -12.136513
v -35.049675 7.679435 -12.440480
v -35.022530 9.135155 -13.287299
v -35.009453 7.983671 -13.591264
vn 0.9994 0.0020 0.0355
vn -0.0338 -0.2554 0.9662
vn -0.9994 -0.0020 -0.0355
vn 0.0338 0.2554 -0.9662
vn 0.0110 -0.9668 -0.2552
vn -0.0110 0.9668 0.2552
usemtl None.1700
s 1
f 25//19 26//19 27//19 28//19
f 28//20 27//20 29//20 30//20
f 30//21 29//21 31//21 32//21
f 32//22 31//22 26//22 25//22
f 28//23 30//23 32//23 25//23
f 29//24 27//24 26//24 31//24
o Cube.008_Cube.004_Cube.008_Cube.010_Cube.008_Cube.004_Cube.008_
v -20.024370 12.185929 -29.811457
v -20.328529 13.337413 -29.818588
v -21.479883 13.033180 -29.836308
v -21.175720 11.881694 -29.829178
v -21.460930 13.030810 -31.027157
v -21.156769 11.879327 -31.020023
v -20.309578 13.335044 -31.009434
v -20.005417 12.183560 -31.002304
vn -0.0159 0.0020 0.9999
vn -0.9667 -0.2554 -0.0149
vn 0.0159 -0.0020 -0.9999
vn 0.9667 0.2554 0.0149
vn 0.2554 -0.9668 0.0060
vn -0.2554 0.9668 -0.0060
usemtl None.1622
s 1
f 33//25 34//25 35//25 36//25
f 36//26 35//26 37//26 38//26
f 38//27 37//27 39//27 40//27
f 40//28 39//28 34//28 33//28
f 36//29 38//29 40//29 33//29
f 37//30 35//30 34//30 39//30
o Cube.007_Cube.055_Cube.007_Cube.018_Cube.007_Cube.055_Cube.007_
v -36.053249 6.478673 7.124501
v -36.047195 7.630157 6.820316
v -36.033550 7.325922 5.668912
v -36.039604 6.174440 5.973097
v -34.842644 7.323554 5.683650
v -34.848698 6.172071 5.987833
v -34.856289 7.627790 6.835054
v -34.862343 6.476304 7.139241
vn -0.9999 0.0020 -0.0124
vn 0.0115 -0.2554 -0.9668
vn 0.9999 -0.0020 0.0124
vn -0.0115 0.2554 0.9668
vn -0.0051 -0.9668 0.2554
vn 0.0051 0.9668 -0.2554
usemtl None.1321
s 1
f 41//31 42//31 43//31 44//31
f 44//32 43//32 45//32 46//32
f 46//33 45//33 47//33 48//33
f 48//34 47//34 42//34 41//34
f 44//35 46//35 48//35 41//35
f 45//36 43//36 42//36 47//36
o Cube.005_Cube.014_Cube.005_Cube.001_Cube.005_Cube.014_Cube.005_
v -10.458174 2.163460 -0.986444
v -10.153978 3.314944 -0.981039
v -9.002545 3.010710 -0.969859
v -9.306742 1.859226 -0.975264
v -9.014735 3.008340 0.221077
v -9.318932 1.856857 0.215672
v -10.166167 3.312576 0.209897
v -10.470365 2.161091 0.204492
vn 0.0102 0.0020 -0.9999
vn 0.9668 -0.2554 0.0094
vn -0.0102 -0.0020 0.9999
vn -0.9668 0.2554 -0.0094
vn -0.2554 -0.9668 -0.0045
vn 0.2554 0.9668 0.0045
usemtl None.1645
s 1
f 49//37 50//37 51//37 52//37
f 52//38 51//38 53//38 54//38
f 54//39 53//39 55//39 56//39
f 56//40 55//40 50//40 49//40
f 52//41 54//41 56//41 49//41
f 53//42 51//42 50//42 55//42
o Cube.008_Cube.033_Cube.008_Cube.010_Cube.008_Cube.033_Cube.008_
v -37.971596 10.452261 -31.039635
v -37.667458 11.603745 -31.031521
v -36.516174 11.299509 -31.010090
v -36.820309 10.148025 -31.018200
v -36.538963 11.297141 -29.819311
v -36.843102 10.145658 -29.827423
v -37.690254 11.601377 -29.840742
v -37.994389 10.449893 -29.848854
vn 0.0191 0.0020 -0.9998
vn 0.9667 -0.2554 0.0180
vn -0.0191 -0.0020 0.9998
vn -0.9667 0.2554 -0.0180
vn -0.2554 -0.9668 -0.0068
vn 0.2554 0.9668 0.0068
usemtl None.1519
s 1
f 57//43 58//43 59//43 60//43
f 60//44 59//44 61//44 62//44
f 62//45 61//45 63//45 64//45
f 64//46 63//46 58//46 57//46
f 60//47 62//47 64//47 57//47
f 61//48 59//48 58//48 63//48
o Cube.007_Cube.003_Cube.007_Cube.001_Cube.007_Cube.003_Cube.007_
v -21.948700 5.204727 -2.204897
v -21.644501 6.356212 -2.199493
v -20.493069 6.051974 -2.188312
v -20.797266 4.900490 -2.193716
v -20.505259 6.049606 -0.997377
v -20.809456 4.898122 -1.002781
v -21.656693 6.353841 -1.008558
v -21.960890 5.202357 -1.013962
vn 0.0102 0.0020 -0.9999
vn 0.9668 -0.2554 0.0094
vn -0.0102 -0.0020 0.9999
vn -0.9668 0.2554 -0.0094
vn -0.2554 -0.9668 -0.0045
vn 0.2554 0.9668 0.0045
usemtl None.1741
s 1
f 65//49 66//49 67//49 68//49
f 68//50 67//50 69//50 70//50
f 70//51 69//51 71//51 72//51
f 72//52 71//52 66//52 65//52
f 68//53 70//53 72//53 65//53
f 69//54 67//54 66//54 71//54
o Cube.004_Cube.037_Cube.004_Cube.002_Cube.004_Cube.037_Cube.004_
v -32.670750 8.908907 -16.995670
v -32.683823 10.060390 -16.691706
v -32.724049 9.756159 -15.540921
v -32.710972 8.604675 -15.844886
v -33.914295 9.753790 -15.583149
v -33.901222 8.602307 -15.887114
v -33.874073 10.058023 -16.733934
v -33.861000 8.906538 -17.037897
vn 0.9994 0.0020 0.0355
vn -0.0338 -0.2554 0.9662
vn -0.9994 -0.0020 -0.0355
vn 0.0338 0.2554 -0.9662
vn 0.0110 -0.9668 -0.2552
vn -0.0110 0.9668 0.2552
usemtl None.1408
s 1
f 73//55 74//55 75//55 76//55
f 76//56 75//56 77//56 78//56
f 78//57 77//57 79//57 80//57
f 80//58 79//58 74//58 73//58
f 76//59 78//59 80//59 73//59
f 77//60 75//60 74//60 79//60
o Cube.007_Cube.041_Cube.007_Cube.016_Cube.007_Cube.041_Cube.007_
v 33.883614 6.467477 7.194184
v 33.889668 7.618960 6.890001
v 33.903313 7.314726 5.738596
v 33.897259 6.163242 6.042780
v 35.094223 7.312358 5.753335
v 35.088165 6.160874 6.057518
v 35.080574 7.616592 6.904739
v 35.074520 6.465109 7.208924
vn -0.9999 0.0020 -0.0124
vn 0.0115 -0.2554 -0.9668
vn 0.9999 -0.0020 0.0124
vn -0.0115 0.2554 0.9668
vn -0.0051 -0.9668 0.2554
vn 0.0051 0.9668 -0.2554
usemtl None.1456
s 1
f 81//61 82//61 83//61 84//61
f 84//62 83//62 85//62 86//62
f 86//63 85//63 87//63 88//63
f 88//64 87//64 82//64 81//64
f 84//65 86//65 88//65 81//65
f 85//66 83//66 82//66 87//66
o Cube.005_Cube.023_Cube.005_Cube.011_Cube.005_Cube.023_Cube.005_
v -41.410969 11.368244 -32.112690
v -41.106834 12.519730 -32.104576
v -39.955547 12.215494 -32.083145
v -40.259682 11.064011 -32.091259
v -39.978340 12.213127 -30.892368
v -40.282475 11.061642 -30.900478
v -41.129627 12.517361 -30.913801
v -41.433762 11.365878 -30.921913
vn 0.0191 0.0020 -0.9998
vn 0.9667 -0.2554 0.0180
vn -0.0191 -0.0020 0.9998
vn -0.9667 0.2554 -0.0180
vn -0.2554 -0.9668 -0.0068
vn 0.2554 0.9668 0.0068
usemtl None.1841
s 1
f 89//67 90//67 91//67 92//67
f 92//68 91//68 93//68 94//68
f 94//69 93//69 95//69 96//69
f 96//70 95//70 90//70 89//70
f 92//71 94//71 96//71 89//71
f 93//72 91//72 90//72 95//72
o Cube.007_Cube.056_Cube.007_Cube.019_Cube.007_Cube.056_Cube.007_
v -36.135033 8.302149 14.025601
v -36.128979 9.453634 13.721418
v -36.115334 9.149397 12.570011
v -36.121387 7.997913 12.874195
v -34.924427 9.147030 12.584750
v -34.930481 7.995546 12.888933
v -34.938072 9.451265 13.736158
v -34.944126 8.299782 14.040340
vn -0.9999 0.0020 -0.0124
vn 0.0115 -0.2554 -0.9668
vn 0.9999 -0.0020 0.0124
vn -0.0115 0.2554 0.9668
vn -0.0051 -0.9668 0.2554
vn 0.0051 0.9668 -0.2554
usemtl None.1414
s 1
f 97//73 98//73 99//73 100//73
f 100//74 99//74 101//74 102//74
f 102//75 101//75 103//75 104//75
f 104//76 103//76 98//76 97//76
f 100//77 102//77 104//77 97//77
f 101//78 99//78 98//78 103//78
o Cube.008_Cube.057_Cube.008_Cube.002_Cube.008_Cube.057_Cube.008_
v -29.196289 9.522473 -19.170519
v -29.209362 10.673956 -18.866554
v -29.249584 10.369720 -17.715771
v -29.236511 9.218237 -18.019735
v -30.439835 10.367352 -17.757999
v -30.426758 9.215869 -18.061962
v -30.399611 10.671588 -18.908783
v -30.386536 9.520103 -19.212748
vn 0.9994 0.0020 0.0355
vn -0.0338 -0.2554 0.9662
vn -0.9994 -0.0020 -0.0355
vn 0.0338 0.2554 -0.9662
vn 0.0110 -0.9668 -0.2552
vn -0.0110 0.9668 0.2552
usemtl None.1665
s 1
f 105//79 106//79 107//79 108//79
f 108//80 107//80 109//80 110//80
f 110//81 109//81 111//81 112//81
f 112//82 111//82 106//82 105//82
f 108//83 110//83 112//83 105//83
f 109//84 107//84 106//84 111//84
o Cube.006_Cube.057_Cube.006_Cube.003_Cube.006_Cube.057_Cube.006_
v -29.357403 8.303839 -14.561002
v -29.370480 9.455322 -14.257036
v -29.410700 9.151087 -13.106252
v -29.397625 7.999603 -13.410218
v -30.600948 9.148720 -13.148481
v -30.587873 7.997234 -13.452447
v -30.560726 9.452955 -14.299265
v -30.547651 8.301470 -14.603231
vn 0.9994 0.0020 0.0355
vn -0.0338 -0.2554 0.9662
vn -0.9994 -0.0020 -0.0355
vn 0.0338 0.2554 -0.9662
vn 0.0110 -0.9668 -0.2552
vn -0.0110 0.9668 0.2552
usemtl None.1597
s 1
f 113//85 114//85 115//85 116//85
f 116//86 115//86 117//86 118//86
f 118//87 117//87 119//87 120//87
f 120//88 119//88 114//88 113//88
f 116//89 118//89 120//89 113//89
f 117//90 115//90 114//90 119//90
o Cube.004_Cube.037_Cube.004_Cube.001_Cube.004_Cube.037_Cube.004_
v -18.535509 4.292588 0.020368
v -18.231312 5.444072 0.025771
v -17.079880 5.139840 0.036952
v -17.384075 3.988357 0.031549
v -17.092068 5.137471 1.227886
v -17.396265 3.985988 1.222484
v -18.243502 5.441705 1.216706
v -18.547697 4.290220 1.211303
vn 0.0102 0.0020 -0.9999
vn 0.9668 -0.2554 0.0094
vn -0.0102 -0.0020 0.9999
vn -0.9668 0.2554 -0.0094
vn -0.2554 -0.9668 -0.0045
vn 0.2554 0.9668 0.0045
usemtl None.1511
s 1
f 121//91 122//91 123//91 124//91
f 124//92 123//92 125//92 126//92
f 126//93 125//93 127//93 128//93
f 128//94 127//94 122//94 121//94
f 124//95 126//95 128//95 121//95
f 125//96 123//96 122//96 127//96
o Cube.009_Cube.012_Cube.009_Cube.009_Cube.009_Cube.012_Cube.009_
v 14.128826 13.801830 -33.387451
v 14.432963 14.953314 -33.379341
v 15.584251 14.649082 -33.357906
v 15.280114 13.497599 -33.366020
v 15.561460 14.646711 -32.167130
v 15.257322 13.495229 -32.175240
v 14.410172 14.950945 -32.188560
v 14.106033 13.799461 -32.196671
vn 0.0191 0.0020 -0.9998
vn 0.9667 -0.2554 0.0180
vn -0.0191 -0.0020 0.9998
vn -0.9667 0.2554 -0.0180
vn -0.2554 -0.9668 -0.0068
vn 0.2554 0.9668 0.0068
usemtl None.1428
s 1
f 129//97 130//97 131//97 132//97
f 132//98 131//98 133//98 134//98
f 134//99 133//99 135//99 136//99
f 136//100 135//100 130//100 129//100
f 132//101 134//101 136//101 129//101
f 133//102 131//102 130//102 135//102
o Cube.004_Cube.013_Cube.004_Cube.019_Cube.004_Cube.013_Cube.004_
v -33.883823 9.218412 17.538919
v -33.877769 10.369896 17.234734
v -33.864124 10.065664 16.083328
v -33.870178 8.914179 16.387512
v -32.673218 10.063295 16.098066
v -32.679276 8.911812 16.402250
v -32.686863 10.367527 17.249474
v -32.692917 9.216043 17.553658
vn -0.9999 0.0020 -0.0124
vn 0.0115 -0.2554 -0.9668
vn 0.9999 -0.0020 0.0124
vn -0.0115 0.2554 0.9668
vn -0.0051 -0.9668 0.2554
vn 0.0051 0.9668 -0.2554
usemtl None.1289
s 1
f 137//103 138//103 139//103 140//103
f 140//104 139//104 141//104 142//104
f 142//105 141//105 143//105 144//105
f 144//106 143//106 138//106 137//106
f 140//107 142//107 144//107 137//107
f 141//108 139//108 138//108 143//108
o Cube.009_Cube.032_Cube.009_Cube.016_Cube.009_Cube.032_Cube.009_
v 32.703716 5.862201 4.879442
v 32.709770 7.013685 4.575256
v 32.723415 6.709455 3.423851
v 32.717361 5.557969 3.728035
v 33.914322 6.707087 3.438593
v 33.908272 5.555603 3.742775
v 33.900681 7.011318 4.589998
v 33.894623 5.859834 4.894180
vn -0.9999 0.0020 -0.0124
vn 0.0115 -0.2554 -0.9668
vn 0.9999 -0.0020 0.0124
vn -0.0115 0.2554 0.9668
vn -0.0051 -0.9668 0.2554
vn 0.0051 0.9668 -0.2554
usemtl None.1498
s 1
f 145//109 146//109 147//109 148//109
f 148//110 147//110 149//110 150//110
f 150//111 149//111 151//111 152//111
f 152//112 151//112 146//112 145//112
f 148//113 150//113 152//113 145//113
f 149//114 147//114 146//114 151//114
o Cube.004_Cube.038_Cube.004_Cube.003_Cube.004_Cube.038_Cube.004_
v -32.911831 7.085426 -10.098298
v -32.924908 8.236912 -9.794334
v -32.965130 7.932678 -8.643550
v -32.952053 6.781194 -8.947513
v -34.155380 7.930309 -8.685779
v -34.142303 6.778826 -8.989742
v -34.115158 8.234543 -9.836563
v -34.102081 7.083058 -10.140527
vn 0.9994 0.0020 0.0355
vn -0.0338 -0.2554 0.9662
vn -0.9994 -0.0020 -0.0355
vn 0.0338 0.2554 -0.9662
vn 0.0110 -0.9668 -0.2552
vn -0.0110 0.9668 0.2552
usemtl None.1459
s 1
f 153//115 154//115 155//115 156//115
f 156//116 155//116 157//116 158//116
f 158//117 157//117 159//117 160//117
f 160//118 159//118 154//118 153//118
f 156//119 158//119 160//119 153//119
f 157//120 155//120 154//120 159//120
o Cube.009_Cube.056_Cube.009_Cube.026
v -5.814604 0.947368 -3.252645
v -5.510408 2.098851 -3.247240
v -4.358976 1.794618 -3.236059
v -4.663174 0.643134 -3.241463
v -4.371168 1.792249 -2.045124
v -4.675364 0.640765 -2.050528
v -5.522600 2.096483 -2.056305
v -5.826796 0.944999 -2.061708
vn 0.0102 0.0020 -0.9999
vn 0.9668 -0.2554 0.0094
vn -0.0102 -0.0020 0.9999
vn -0.9668 0.2554 -0.0094
vn -0.2554 -0.9668 -0.0045
vn 0.2554 0.9668 0.0045
usemtl None.1485
s 1
f 161//121 162//121 163//121 164//121
f 164//122 163//122 165//122 166//122
f 166//123 165//123 167//123 168//123
f 168//124 167//124 162//124 161//124
f 164//125 166//125 168//125 161//125
f 165//126 163//126 162//126 167//126
o Cube.009_Cube.057_Cube.009_Cube.002_Cube.009_Cube.057_Cube.009_
v -29.478596 7.387159 -11.093624
v -29.491671 8.538645 -10.789660
v -29.531895 8.234411 -9.638876
v -29.518818 7.082925 -9.942840
v -30.722143 8.232042 -9.681104
v -30.709068 7.080557 -9.985069
v -30.681919 8.536276 -10.831889
v -30.668844 7.384792 -11.135853
vn 0.9994 0.0020 0.0355
vn -0.0338 -0.2554 0.9662
vn -0.9994 -0.0020 -0.0355
vn 0.0338 0.2554 -0.9662
vn 0.0110 -0.9668 -0.2552
vn -0.0110 0.9668 0.2552
usemtl None.1413
s 1
f 169//127 170//127 171//127 172//127
f 172//128 171//128 173//128 174//128
f 174//129 173//129 175//129 176//129
f 176//130 175//130 170//130 169//130
f 172//131 174//131 176//131 169//131
f 173//132 171//132 170//132 175//132
o Cube.006_Cube.056_Cube.006_Cube.010_Cube.006_Cube.056_Cube.006_
v -40.195183 11.071028 -35.505520
v -39.891045 12.222511 -35.497406
v -38.739758 11.918276 -35.475975
v -39.043896 10.766791 -35.484093
v -38.762550 11.915907 -34.285194
v -39.066689 10.764423 -34.293312
v -39.913837 12.220142 -34.306625
v -40.217976 11.068659 -34.314743
vn 0.0191 0.0020 -0.9998
vn 0.9667 -0.2554 0.0180
vn -0.0191 -0.0020 0.9998
vn -0.9667 0.2554 -0.0180
vn -0.2554 -0.9668 -0.0068
vn 0.2554 0.9668 0.0068
usemtl None.1738
s 1
f 177//133 178//133 179//133 180//133
f 180//134 179//134 181//134 182//134
f 182//135 181//135 183//135 184//135
f 184//136 183//136 178//136 177//136
f 180//137 182//137 184//137 177//137
f 181//138 179//138 178//138 183//138
o Cube.007_Cube.055_Cube.007_Cube.010_Cube.007_Cube.055_Cube.007_
v -39.025856 10.762024 -35.483757
v -38.721718 11.913507 -35.475639
v -37.570431 11.609273 -35.454212
v -37.874565 10.457790 -35.462326
v -37.593224 11.606905 -34.263432
v -37.897362 10.455421 -34.271545
v -38.744507 11.911140 -34.284859
v -39.048649 10.759655 -34.292976
vn 0.0191 0.0020 -0.9998
vn 0.9667 -0.2554 0.0180
vn -0.0191 -0.0020 0.9998
vn -0.9667 0.2554 -0.0180
vn -0.2554 -0.9668 -0.0068
vn 0.2554 0.9668 0.0068
usemtl None.1738
s 1
f 185//139 186//139 187//139 188//139
f 188//140 187//140 189//140 190//140
f 190//141 189//141 191//141 192//141
f 192//142 191//142 186//142 185//142
f 188//143 190//143 192//143 185//143
f 189//144 187//144 186//144 191//144
o Cube.004_Cube.013_Cube.004_Cube.010_Cube.004_Cube.013_Cube.004_
v -49.454704 13.501765 -33.384808
v -49.150566 14.653250 -33.376694
v -47.999279 14.349018 -33.355263
v -48.303417 13.197533 -33.363373
v -48.022072 14.346646 -32.164482
v -48.326210 13.195164 -32.172596
v -49.173359 14.650879 -32.185917
v -49.477497 13.499395 -32.194027
vn 0.0191 0.0020 -0.9998
vn 0.9667 -0.2554 0.0180
vn -0.0191 -0.0020 0.9998
vn -0.9667 0.2554 -0.0180
vn -0.2554 -0.9668 -0.0068
vn 0.2554 0.9668 0.0068
usemtl None.1342
s 1
f 193//145 194//145 195//145 196//145
f 196//146 195//146 197//146 198//146
f 198//147 197//147 199//147 200//147
f 200//148 199//148 194//148 193//148
f 196//149 198//149 200//149 193//149
f 197//150 195//150 194//150 199//150
o Cube.007_Cube.041_Cube.007_Cube.019_Cube.007_Cube.041_Cube.007_
v -30.422709 6.467477 7.194184
v -30.416655 7.618960 6.890001
v -30.403011 7.314726 5.738596
v -30.409065 6.163242 6.042780
v -29.212101 7.312358 5.753335
v -29.218157 6.160874 6.057518
v -29.225748 7.616592 6.904739
v -29.231802 6.465109 7.208924
vn -0.9999 0.0020 -0.0124
vn 0.0115 -0.2554 -0.9668
vn 0.9999 -0.0020 0.0124
vn -0.0115 0.2554 0.9668
vn -0.0051 -0.9668 0.2554
vn 0.0051 0.9668 -0.2554
usemtl None.1307
s 1
f 201//151 202//151 203//151 204//151
f 204//152 203//152 205//152 206//152
f 206//153 205//153 207//153 208//153
f 208//154 207//154 202//154 201//154
f 204//155 206//155 208//155 201//155
f 205//156 203//156 202//156 207//156
o Cube.007_Cube.003_Cube.007_Cube.005_Cube.007_Cube.003_Cube.007_
v 34.435631 9.821043 -20.351639
v 34.422558 10.972528 -20.047676
v 34.382332 10.668291 -18.896891
v 34.395409 9.516808 -19.200855
v 33.192085 10.665924 -18.939119
v 33.205162 9.514441 -19.243084
v 33.232307 10.970160 -20.089903
v 33.245384 9.818677 -20.393867
vn 0.9994 0.0020 0.0355
vn -0.0338 -0.2554 0.9662
vn -0.9994 -0.0020 -0.0355
vn 0.0338 0.2554 -0.9662
vn 0.0110 -0.9668 -0.2552
vn -0.0110 0.9668 0.2552
usemtl None.1588
s 1
f 209//157 210//157 211//157 212//157
f 212//158 211//158 213//158 214//158
f 214//159 213//159 215//159 216//159
f 216//160 215//160 210//160 209//160
f 212//161 214//161 216//161 209//161
f 213//162 211//162 210//162 215//162
o Cube.006_Cube.005_Cube.006_Cube.006_Cube.006_Cube.005_Cube.006_
v 24.501278 11.068632 -34.301388
v 24.805416 12.220116 -34.293274
v 25.956703 11.915879 -34.271843
v 25.652565 10.764397 -34.279961
v 25.933912 11.913511 -33.081062
v 25.629772 10.762028 -33.089180
v 24.782623 12.217749 -33.102493
v 24.478485 11.066264 -33.110607
vn 0.0191 0.0020 -0.9998
vn 0.9667 -0.2555 0.0180
vn -0.0191 -0.0020 0.9998
vn -0.9667 0.2554 -0.0180
vn -0.2554 -0.9668 -0.0068
vn 0.2554 0.9668 0.0068
usemtl None.1424
s 1
f 217//163 218//163 219//163 220//163
f 220//164 219//164 221//164 222//164
f 222//165 221//165 223//165 224//165
f 224//166 223//166 218//166 217//166
f 220//167 222//167 224//167 217//167
f 221//168 219//168 218//168 223//168
o Cube.006_Cube.031_Cube.006_Cube.014_Cube.006_Cube.031_Cube.006_
v 47.399719 12.789498 -32.994892
v 47.095558 13.940984 -33.002026
v 45.944210 13.636746 -33.019745
v 46.248371 12.485263 -33.012615
v 45.963165 13.634379 -34.210590
v 46.267326 12.482894 -34.203461
v 47.114513 13.938615 -34.192871
v 47.418674 12.787131 -34.185741
vn -0.0159 0.0020 0.9999
vn -0.9667 -0.2554 -0.0149
vn 0.0159 -0.0020 -0.9999
vn 0.9667 0.2554 0.0149
vn 0.2554 -0.9668 0.0060
vn -0.2554 0.9668 -0.0060
usemtl None.1740
s 1
f 225//169 226//169 227//169 228//169
f 228//170 227//170 229//170 230//170
f 230//171 229//171 231//171 232//171
f 232//172 231//172 226//172 225//172
f 228//173 230//173 232//173 225//173
f 229//174 227//174 226//174 231//174
o Cube.006_Cube.013_Cube.006_Cube.001_Cube.006_Cube.013_Cube.006_
v -16.208853 3.682927 -1.042281
v -15.904655 4.834411 -1.036878
v -14.753222 4.530175 -1.025698
v -15.057421 3.378690 -1.031102
v -14.765413 4.527806 0.165237
v -15.069610 3.376321 0.159834
v -15.916846 4.832042 0.154057
v -16.221043 3.680558 0.148653
vn 0.0102 0.0020 -0.9999
vn 0.9668 -0.2554 0.0094
vn -0.0102 -0.0020 0.9999
vn -0.9668 0.2554 -0.0094
vn -0.2554 -0.9668 -0.0045
vn 0.2554 0.9668 0.0045
usemtl None.1659
s 1
f 233//175 234//175 235//175 236//175
f 236//176 235//176 237//176 238//176
f 238//177 237//177 239//177 240//177
f 240//178 239//178 234//178 233//178
f 236//179 238//179 240//179 233//179
f 237//180 235//180 234//180 239//180
o Cube.007_Cube.005_Cube.007_Cube.028_Cube.007_Cube.005_Cube.007_
v -34.848988 6.476278 7.139406
v -34.842934 7.627763 6.835220
v -34.829288 7.323528 5.683815
v -34.835342 6.172044 5.988001
v -33.638382 7.321160 5.698555
v -33.644436 6.169676 6.002735
v -33.652027 7.625394 6.849959
v -33.658081 6.473910 7.154143
vn -0.9999 0.0020 -0.0124
vn 0.0115 -0.2554 -0.9668
vn 0.9999 -0.0020 0.0124
vn -0.0115 0.2554 0.9668
vn -0.0051 -0.9668 0.2554
vn 0.0051 0.9668 -0.2554
usemtl None.1635
s 1
f 241//181 242//181 243//181 244//181
f 244//182 243//182 245//182 246//182
f 246//183 245//183 247//183 248//183
f 248//184 247//184 242//184 241//184
f 244//185 246//185 248//185 241//185
f 245//186 243//186 242//186 247//186
o Cube.008_Cube.055_Cube.008_Cube.027
v -6.975405 1.254079 -3.263915
v -6.671207 2.405561 -3.258512
v -5.519773 2.101326 -3.247332
v -5.823973 0.949843 -3.252734
v -5.531965 2.098957 -2.056396
v -5.836161 0.947474 -2.061800
v -6.683397 2.403193 -2.067575
v -6.987593 1.251709 -2.072980
vn 0.0102 0.0020 -0.9999
vn 0.9668 -0.2554 0.0094
vn -0.0102 -0.0020 0.9999
vn -0.9668 0.2554 -0.0094
vn -0.2554 -0.9668 -0.0045
vn 0.2554 0.9668 0.0045
usemtl None.1485
s 1
f 249//187 250//187 251//187 252//187
f 252//188 251//188 253//188 254//188
f 254//189 253//189 255//189 256//189
f 256//190 255//190 250//190 249//190
f 252//191 254//191 256//191 249//191
f 253//192 251//192 250//192 255//192
o Cube.007_Cube.039_Cube.007_Cube.015_Cube.007_Cube.039_Cube.007_
v 53.169697 14.306695 -34.113472
v 52.865536 15.458179 -34.120605
v 51.714188 15.153943 -34.138325
v 52.018349 14.002461 -34.131195
v 51.733139 15.151576 -35.329170
v 52.037300 14.000093 -35.322041
v 52.884491 15.455811 -35.311451
v 53.188652 14.304328 -35.304321
vn -0.0159 0.0020 0.9999
vn -0.9667 -0.2554 -0.0149
vn 0.0159 -0.0020 -0.9999
vn 0.9667 0.2554 0.0149
vn 0.2554 -0.9668 0.0060
vn -0.2554 0.9668 -0.0060
usemtl None.1293
s 1
f 257//193 258//193 259//193 260//193
f 260//194 259//194 261//194 262//194
f 262//195 261//195 263//195 264//195
f 264//196 263//196 258//196 257//196
f 260//197 262//197 264//197 257//197
f 261//198 259//198 258//198 263//198
o Cube.008_Cube.042_Cube.008_Cube.016_Cube.008_Cube.042_Cube.008_
v 33.897110 6.166512 6.055153
v 33.903168 7.317996 5.750968
v 33.916809 7.013761 4.599562
v 33.910759 5.862277 4.903748
v 35.107719 7.011393 4.614300
v 35.101662 5.859907 4.918486
v 35.094074 7.315628 5.765706
v 35.088020 6.164144 6.069893
vn -0.9999 0.0020 -0.0124
vn 0.0115 -0.2554 -0.9668
vn 0.9999 -0.0020 0.0124
vn -0.0115 0.2554 0.9668
vn -0.0051 -0.9668 0.2554
vn 0.0051 0.9668 -0.2554
usemtl None.1456
s 1
f 265//199 266//199 267//199 268//199
f 268//200 267//200 269//200 270//200
f 270//201 269//201 271//201 272//201
f 272//202 271//202 266//202 265//202
f 268//203 270//203 272//203 265//203
f 269//204 267//204 266//204 271//204
o Cube.008_Cube.032_Cube.008_Cube.014_Cube.008_Cube.032_Cube.008_
v 45.091351 12.179530 -33.030422
v 44.787193 13.331013 -33.037552
v 43.635841 13.026777 -33.055271
v 43.940002 11.875294 -33.048141
v 43.654793 13.024410 -34.246120
v 43.958954 11.872926 -34.238987
v 44.806145 13.328645 -34.228401
v 45.110306 12.177160 -34.221268
vn -0.0159 0.0020 0.9999
vn -0.9667 -0.2554 -0.0149
vn 0.0159 -0.0020 -0.9999
vn 0.9667 0.2554 0.0149
vn 0.2554 -0.9668 0.0060
vn -0.2554 0.9668 -0.0060
usemtl None.1740
s 1
f 273//205 274//205 275//205 276//205
f 276//206 275//206 277//206 278//206
f 278//207 277//207 279//207 280//207
f 280//208 279//208 274//208 273//208
f 276//209 278//209 280//209 273//209
f 277//210 275//210 274//210 279//210
o Cube.007_Cube.055_Cube.007_Cube.026
v 6.919455 1.555041 3.539185
v 6.615211 2.706525 3.537921
v 5.463734 2.402291 3.542415
v 5.767977 1.250807 3.543676
v 5.459711 2.399923 2.351424
v 5.763954 1.248439 2.352687
v 6.611189 2.704158 2.346931
v 6.915434 1.552673 2.348192
vn 0.0034 0.0020 1.0000
vn -0.9668 -0.2554 0.0038
vn -0.0034 -0.0020 -1.0000
vn 0.9668 0.2554 -0.0038
vn 0.2554 -0.9668 0.0011
vn -0.2555 0.9668 -0.0011
usemtl None.1756
s 1
f 281//211 282//211 283//211 284//211
f 284//212 283//212 285//212 286//212
f 286//213 285//213 287//213 288//213
f 288//214 287//214 282//214 281//214
f 284//215 286//215 288//215 281//215
f 285//216 283//216 282//216 287//216
o Cube.009_Cube.012_Cube.009_Cube.008_Cube.009_Cube.012_Cube.009_
v 14.128826 13.801830 -33.387451
v 14.432963 14.953314 -33.379341
v 15.584251 14.649082 -33.357906
v 15.280114 13.497599 -33.366020
v 15.561460 14.646711 -32.167130
v 15.257322 13.495229 -32.175240
v 14.410172 14.950945 -32.188560
v 14.106033 13.799461 -32.196671
vn 0.0191 0.0020 -0.9998
vn 0.9667 -0.2554 0.0180
vn -0.0191 -0.0020 0.9998
vn -0.9667 0.2554 -0.0180
vn -0.2554 -0.9668 -0.0068
vn 0.2554 0.9668 0.0068
usemtl None.1544
s 1
f 289//217 290//217 291//217 292//217
f 292//218 291//218 293//218 294//218
f 294//219 293//219 295//219 296//219
f 296//220 295//220 290//220 289//220
f 292//221 294//221 296//221 289//221
f 293//222 291//222 290//222 295//222
o Cube.008_Cube.012_Cube.008_Cube.002_Cube.008_Cube.012_Cube.008_
v -31.506016 9.517878 -19.252464
v -31.519091 10.669359 -18.948502
v -31.559315 10.365126 -17.797718
v -31.546238 9.213640 -18.101681
v -32.749561 10.362757 -17.839947
v -32.736488 9.211273 -18.143909
v -32.709339 10.666992 -18.990730
v -32.696266 9.515509 -19.294693
vn 0.9994 0.0020 0.0355
vn -0.0338 -0.2554 0.9662
vn -0.9994 -0.0020 -0.0355
vn 0.0338 0.2554 -0.9662
vn 0.0110 -0.9668 -0.2552
vn -0.0110 0.9668 0.2552
usemtl None.1324
s 1
f 297//223 298//223 299//223 300//223
f 300//224 299//224 301//224 302//224
f 302//225 301//225 303//225 304//225
f 304//226 303//226 298//226 297//226
f 300//227 302//227 304//227 297//227
f 301//228 299//228 298//228 303//228
o Cube.008_Cube.023_Cube.008_Cube.010_Cube.008_Cube.023_Cube.008_
v -37.952290 10.454267 -32.048309
v -37.648151 11.605750 -32.040195
v -36.496864 11.301515 -32.018764
v -36.801003 10.150029 -32.026878
v -36.519661 11.299147 -30.827984
v -36.823795 10.147663 -30.836098
v -37.670944 11.603382 -30.849415
v -37.975082 10.451899 -30.857529
vn 0.0191 0.0020 -0.9998
vn 0.9667 -0.2554 0.0180
vn -0.0191 -0.0020 0.9998
vn -0.9667 0.2554 -0.0180
vn -0.2554 -0.9668 -0.0068
vn 0.2554 0.9668 0.0068
usemtl None.1314
s 1
f 305//229 306//229 307//229 308//229
f 308//230 307//230 309//230 310//230
f 310//231 309//231 311//231 312//231
f 312//232 311//232 306//232 305//232
f 308//233 310//233 312//233 305//233
f 309//234 307//234 306//234 311//234
o Cube.005_Cube.005_Cube.005_Cube.004_Cube.005_Cube.005_Cube.005_
v 34.033836 6.781975 -8.856267
v 34.020763 7.933460 -8.552302
v 33.980541 7.629224 -7.401518
v 33.993614 6.477741 -7.705481
v 32.790291 7.626855 -7.443746
v 32.803368 6.475372 -7.747710
v 32.830513 7.931091 -8.594531
v 32.843590 6.779607 -8.898495
vn 0.9994 0.0020 0.0355
vn -0.0338 -0.2554 0.9662
vn -0.9994 -0.0020 -0.0355
vn 0.0338 0.2554 -0.9662
vn 0.0110 -0.9668 -0.2552
vn -0.0110 0.9668 0.2552
usemtl None.1385
s 1
f 313//235 314//235 315//235 316//235
f 316//236 315//236 317//236 318//236
f 318//237 317//237 319//237 320//237
f 320//238 319//238 314//238 313//238
f 316//239 318//239 320//239 313//239
f 317//240 315//240 314//240 319//240
o Cube.008_Cube.056_Cube.008_Cube.028
v 12.681883 3.077554 3.516697
v 12.377640 4.229035 3.515436
v 11.226161 3.924802 3.519929
v 11.530402 2.773318 3.521190
v 11.222139 3.922435 2.328939
v 11.526382 2.770950 2.330199
v 12.373618 4.226668 2.324445
v 12.677860 3.075185 2.325707
vn 0.0034 0.0020 1.0000
vn -0.9668 -0.2554 0.0038
vn -0.0034 -0.0020 -1.0000
vn 0.9668 0.2554 -0.0038
vn 0.2555 -0.9668 0.0011
vn -0.2554 0.9668 -0.0011
usemtl None.1368
s 1
f 321//241 322//241 323//241 324//241
f 324//242 323//242 325//242 326//242
f 326//243 325//243 327//243 328//243
f 328//244 327//244 322//244 321//244
f 324//245 326//245 328//245 321//245
f 325//246 323//246 322//246 327//246
o Cube.009_Cube.022_Cube.009_Cube.007_Cube.009_Cube.022_Cube.009_
v 31.904406 7.380369 -11.214705
v 31.891331 8.531855 -10.910739
v 31.851109 8.227622 -9.759953
v 31.864183 7.076136 -10.063919
v 30.660860 8.225252 -9.802183
v 30.673935 7.073768 -10.106148
v 30.701082 8.529486 -10.952969
v 30.714157 7.378000 -11.256931
vn 0.9994 0.0020 0.0355
vn -0.0338 -0.2554 0.9662
vn -0.9994 -0.0020 -0.0355
vn 0.0338 0.2554 -0.9662
vn 0.0110 -0.9668 -0.2552
vn -0.0110 0.9668 0.2552
usemtl None.1686
s 1
f 329//247 330//247 331//247 332//247
f 332//248 331//248 333//248 334//248
f 334//249 333//249 335//249 336//249
f 336//250 335//250 330//250 329//250
f 332//251 334//251 336//251 329//251
f 333//252 331//252 330//252 335//252
o Cube.008_Cube.055_Cube.008_Cube.014_Cube.008_Cube.055_Cube.008_
v 38.120182 10.364848 -28.713465
v 37.816021 11.516331 -28.720596
v 36.664673 11.212096 -28.738316
v 36.968834 10.060612 -28.731186
v 36.683624 11.209728 -29.929163
v 36.987785 10.058244 -29.922033
v 37.834976 11.513963 -29.911442
v 38.139137 10.362479 -29.904312
vn -0.0159 0.0020 0.9999
vn -0.9667 -0.2554 -0.0149
vn 0.0159 -0.0020 -0.9999
vn 0.9667 0.2554 0.0149
vn 0.2554 -0.9668 0.0060
vn -0.2554 0.9668 -0.0060
usemtl None.1277
s 1
f 337//253 338//253 339//253 340//253
f 340//254 339//254 341//254 342//254
f 342//255 341//255 343//255 344//255
f 344//256 343//256 338//256 337//256
f 340//257 342//257 344//257 337//257
f 341//258 339//258 338//258 343//258
o Cube.008_Cube.056_Cube.008_Cube.008_Cube.008_Cube.056_Cube.008_
v 19.932180 12.284536 -35.591000
v 20.236317 13.436018 -35.582890
v 21.387606 13.131784 -35.561459
v 21.083469 11.980301 -35.569569
v 21.364813 13.129417 -34.370678
v 21.060677 11.977932 -34.378792
v 20.213524 13.433651 -34.392109
v 19.909389 12.282167 -34.400223
vn 0.0191 0.0020 -0.9998
vn 0.9667 -0.2554 0.0180
vn -0.0191 -0.0020 0.9998
vn -0.9667 0.2554 -0.0180
vn -0.2554 -0.9668 -0.0068
vn 0.2554 0.9668 0.0068
usemtl None.1797
s 1
f 345//259 346//259 347//259 348//259
f 348//260 347//260 349//260 350//260
f 350//261 349//261 351//261 352//261
f 352//262 351//262 346//262 345//262
f 348//263 350//263 352//263 345//263
f 349//264 347//264 346//264 351//264
o Cube.007_Cube.012_Cube.007_Cube.004_Cube.007_Cube.012_Cube.007_
v 33.329498 9.818842 -20.390882
v 33.316425 10.970328 -20.086918
v 33.276203 10.666090 -18.936134
v 33.289276 9.514609 -19.240099
v 32.085953 10.663724 -18.978363
v 32.099030 9.512239 -19.282328
v 32.126175 10.967958 -20.129147
v 32.139252 9.816475 -20.433111
vn 0.9994 0.0020 0.0355
vn -0.0338 -0.2554 0.9662
vn -0.9994 -0.0020 -0.0355
vn 0.0338 0.2554 -0.9662
vn 0.0110 -0.9668 -0.2552
vn -0.0110 0.9668 0.2552
usemtl None.1565
s 1
f 353//265 354//265 355//265 356//265
f 356//266 355//266 357//266 358//266
f 358//267 357//267 359//267 360//267
f 360//268 359//268 354//268 353//268
f 356//269 358//269 360//269 353//269
f 357//270 355//270 354//270 359//270
o Cube.008_Cube.014_Cube.008_Cube.008_Cube.008_Cube.014_Cube.008_
v 26.788340 10.456463 -33.151798
v 27.092478 11.607946 -33.143681
v 28.243765 11.303711 -33.122250
v 27.939627 10.152227 -33.130367
v 28.220972 11.301341 -31.931473
v 27.916836 10.149857 -31.939583
v 27.069685 11.605577 -31.952902
v 26.765549 10.454093 -31.961014
vn 0.0191 0.0020 -0.9998
vn 0.9667 -0.2554 0.0180
vn -0.0191 -0.0020 0.9998
vn -0.9667 0.2554 -0.0180
vn -0.2554 -0.9668 -0.0068
vn 0.2554 0.9668 0.0068
usemtl None.1295
s 1
f 361//271 362//271 363//271 364//271
f 364//272 363//272 365//272 366//272
f 366//273 365//273 367//273 368//273
f 368//274 367//274 362//274 361//274
f 364//275 366//275 368//275 361//275
f 365//276 363//276 362//276 367//276
o Cube.004_Cube.004_Cube.004_Cube.014_Cube.004_Cube.004_Cube.004_
v 49.663574 13.407754 -29.721798
v 49.359413 14.559239 -29.728928
v 48.208065 14.255008 -29.746647
v 48.512226 13.103522 -29.739517
v 48.227016 14.252639 -30.937496
v 48.531181 13.101153 -30.930363
v 49.378368 14.556870 -30.919773
v 49.682529 13.405387 -30.912643
vn -0.0159 0.0020 0.9999
vn -0.9667 -0.2554 -0.0149
vn 0.0159 -0.0020 -0.9999
vn 0.9667 0.2554 0.0149
vn 0.2554 -0.9668 0.0060
vn -0.2554 0.9668 -0.0060
usemtl None.1765
s 1
f 369//277 370//277 371//277 372//277
f 372//278 371//278 373//278 374//278
f 374//279 373//279 375//279 376//279
f 376//280 375//280 370//280 369//280
f 372//281 374//281 376//281 369//281
f 373//282 371//282 370//282 375//282
o Cube.008_Cube.012_Cube.008_Cube.004_Cube.008_Cube.012_Cube.008_
v 33.289711 9.517878 -19.252464
v 33.276634 10.669359 -18.948502
v 33.236412 10.365126 -17.797718
v 33.249485 9.213640 -18.101681
v 32.046165 10.362757 -17.839947
v 32.059238 9.211273 -18.143909
v 32.086388 10.666992 -18.990730
v 32.099461 9.515509 -19.294693
vn 0.9994 0.0020 0.0355
vn -0.0338 -0.2554 0.9662
vn -0.9994 -0.0020 -0.0355
vn 0.0338 0.2554 -0.9662
vn 0.0110 -0.9668 -0.2552
vn -0.0110 0.9668 0.2552
usemtl None.1565
s 1
f 377//283 378//283 379//283 380//283
f 380//284 379//284 381//284 382//284
f 382//285 381//285 383//285 384//285
f 384//286 383//286 378//286 377//286
f 380//287 382//287 384//287 377//287
f 381//288 379//288 378//288 383//288
o Cube.008_Cube.041_Cube.008_Cube.015_Cube.008_Cube.041_Cube.008_
v 45.110565 12.177129 -34.237511
v 44.806404 13.328612 -34.244644
v 43.655052 13.024379 -34.262363
v 43.959213 11.872893 -34.255230
v 43.674007 13.022010 -35.453209
v 43.978168 11.870526 -35.446079
v 44.825356 13.326243 -35.435486
v 45.129517 12.174760 -35.428360
vn -0.0159 0.0020 0.9999
vn -0.9667 -0.2554 -0.0149
vn 0.0159 -0.0020 -0.9999
vn 0.9667 0.2554 0.0149
vn 0.2554 -0.9668 0.0060
vn -0.2554 0.9668 -0.0060
usemtl None.1538
s 1
f 385//289 386//289 387//289 388//289
f 388//290 387//290 389//290 390//290
f 390//291 389//291 391//291 392//291
f 392//292 391//292 386//292 385//292
f 388//293 390//293 392//293 385//293
f 389//294 387//294 386//294 391//294
o Cube.008_Cube.022_Cube.008_Cube.001_Cube.008_Cube.022_Cube.008_
v -13.911615 3.070762 0.083765
v -13.607418 4.222245 0.089169
v -12.455986 3.918012 0.100350
v -12.760181 2.766528 0.094946
v -12.468175 3.915643 1.291284
v -12.772373 2.764159 1.285880
v -13.619608 4.219878 1.280104
v -13.923805 3.068395 1.274701
vn 0.0102 0.0020 -0.9999
vn 0.9668 -0.2554 0.0094
vn -0.0102 -0.0020 0.9999
vn -0.9668 0.2554 -0.0094
vn -0.2554 -0.9668 -0.0045
vn 0.2554 0.9668 0.0045
usemtl None.1465
s 1
f 393//295 394//295 395//295 396//295
f 396//296 395//296 397//296 398//296
f 398//297 397//297 399//297 400//297
f 400//298 399//298 394//298 393//298
f 396//299 398//299 400//299 393//299
f 397//300 395//300 394//300 399//300
o Cube.007_Cube.039_Cube.007_Cube.002_Cube.007_Cube.039_Cube.007_
v -34.783928 9.812243 -20.508591
v -34.797005 10.963726 -20.204626
v -34.837227 10.659489 -19.053843
v -34.824150 9.508007 -19.357807
v -36.027473 10.657122 -19.096071
v -36.014400 9.505638 -19.400036
v -35.987251 10.961357 -20.246855
v -35.974174 9.809875 -20.550819
vn 0.9994 0.0020 0.0355
vn -0.0338 -0.2554 0.9662
vn -0.9994 -0.0020 -0.0355
vn 0.0338 0.2554 -0.9662
vn 0.0110 -0.9668 -0.2552
vn -0.0110 0.9668 0.2552
usemtl None.1673
s 1
f 401//301 402//301 403//301 404//301
f 404//302 403//302 405//302 406//302
f 406//303 405//303 407//303 408//303
f 408//304 407//304 402//304 401//304
f 404//305 406//305 408//305 401//305
f 405//306 403//306 402//306 407//306
o Cube.009_Cube.004_Cube.009_Cube.000_Cube.009_Cube.004_Cube.009_
v -12.728190 2.768450 -2.115365
v -12.423995 3.919934 -2.109961
v -11.272563 3.615700 -2.098781
v -11.576758 2.464216 -2.104185
v -11.284752 3.613332 -0.907844
v -11.588949 2.461848 -0.913249
v -12.436185 3.917566 -0.919025
v -12.740381 2.766081 -0.924430
vn 0.0102 0.0020 -0.9999
vn 0.9668 -0.2554 0.0094
vn -0.0102 -0.0020 0.9999
vn -0.9668 0.2554 -0.0094
vn -0.2554 -0.9668 -0.0045
vn 0.2554 0.9668 0.0045
usemtl None.1411
s 1
f 409//307 410//307 411//307 412//307
f 412//308 411//308 413//308 414//308
f 414//309 413//309 415//309 416//309
f 416//310 415//310 410//310 409//310
f 412//311 414//311 416//311 409//311
f 413//312 411//312 410//312 415//312
o Cube.009_Cube.031_Cube.009_Cube.018_Cube.009_Cube.031_Cube.009_
v -31.684387 7.685676 11.780541
v -31.678333 8.837162 11.476359
v -31.664688 8.532928 10.324951
v -31.670742 7.381443 10.629134
v -30.473782 8.530560 10.339691
v -30.479836 7.379076 10.643873
v -30.487427 8.834793 11.491097
v -30.493481 7.683309 11.795281
vn -0.9999 0.0020 -0.0124
vn 0.0115 -0.2554 -0.9668
vn 0.9999 -0.0020 0.0124
vn -0.0115 0.2554 0.9668
vn -0.0051 -0.9668 0.2554
vn 0.0051 0.9668 -0.2554
usemtl None.1369
s 1
f 417//313 418//313 419//313 420//313
f 420//314 419//314 421//314 422//314
f 422//315 421//315 423//315 424//315
f 424//316 423//316 418//316 417//316
f 420//317 422//317 424//317 417//317
f 421//318 419//318 418//318 423//318
o Cube.007_Cube.056_Cube.007_Cube.008_Cube.007_Cube.056_Cube.007_
v 18.793266 12.585502 -35.612202
v 19.097403 13.736986 -35.604092
v 20.248692 13.432749 -35.582657
v 19.944553 12.281265 -35.590771
v 20.225899 13.430382 -34.391880
v 19.921761 12.278899 -34.399990
v 19.074610 13.734618 -34.413311
v 18.770473 12.583133 -34.421425
vn 0.0191 0.0020 -0.9998
vn 0.9667 -0.2554 0.0180
vn -0.0191 -0.0020 0.9998
vn -0.9667 0.2554 -0.0180
vn -0.2554 -0.9668 -0.0068
vn 0.2554 0.9668 0.0068
usemtl None.1797
s 1
f 425//319 426//319 427//319 428//319
f 428//320 427//320 429//320 430//320
f 430//321 429//321 431//321 432//321
f 432//322 431//322 426//322 425//322
f 428//323 430//323 432//323 425//323
f 429//324 427//324 426//324 431//324
o Cube.007_Cube.041_Cube.007_Cube.018_Cube.007_Cube.041_Cube.007_
v -30.422709 6.467477 7.194184
v -30.416655 7.618960 6.890001
v -30.403011 7.314726 5.738596
v -30.409065 6.163242 6.042780
v -29.212101 7.312358 5.753335
v -29.218157 6.160874 6.057518
v -29.225748 7.616592 6.904739
v -29.231802 6.465109 7.208924
vn -0.9999 0.0020 -0.0124
vn 0.0115 -0.2554 -0.9668
vn 0.9999 -0.0020 0.0124
vn -0.0115 0.2554 0.9668
vn -0.0051 -0.9668 0.2554
vn 0.0051 0.9668 -0.2554
usemtl None.1757
s 1
f 433//325 434//325 435//325 436//325
f 436//326 435//326 437//326 438//326
f 438//327 437//327 439//327 440//327
f 440//328 439//328 434//328 433//328
f 436//329 438//329 440//329 433//329
f 437//330 435//330 434//330 439//330
o Cube.004_Cube.037_Cube.004_Cube.010_Cube.004_Cube.037_Cube.004_
v -49.475826 13.499571 -32.281319
v -49.171688 14.651054 -32.273209
v -48.020401 14.346823 -32.251778
v -48.324539 13.195338 -32.259888
v -48.043194 14.344452 -31.061001
v -48.347328 13.192968 -31.069111
v -49.194481 14.648685 -31.082432
v -49.498619 13.497200 -31.090544
vn 0.0191 0.0020 -0.9998
vn 0.9667 -0.2554 0.0180
vn -0.0191 -0.0020 0.9998
vn -0.9667 0.2554 -0.0180
vn -0.2554 -0.9668 -0.0068
vn 0.2554 0.9668 0.0068
usemtl None.1395
s 1
f 441//331 442//331 443//331 444//331
f 444//332 443//332 445//332 446//332
f 446//333 445//333 447//333 448//333
f 448//334 447//334 442//334 441//334
f 444//335 446//335 448//335 441//335
f 445//336 443//336 442//336 447//336
o Cube.009_Cube.013_Cube.009_Cube.004_Cube.009_Cube.013_Cube.009_
