# Blender v2.79 (sub 0) OBJ File: ''
# www.blender.org
mtllib fSlope2.mtl
o Cube.004_Cube.004_Cube.004_Cube.002
v -16.294432 3.602329 -1.284978
v -15.990188 4.753813 -1.284978
v -14.838737 4.449581 -1.294249
v -15.142982 3.298096 -1.294249
v -14.829774 4.447213 -0.103285
v -15.134018 3.295728 -0.103285
v -15.981224 4.751445 -0.094014
v -16.285469 3.599960 -0.094014
vn -0.0075 0.0020 -1.0000
vn 0.9668 -0.2554 -0.0078
vn 0.0075 -0.0020 1.0000
vn -0.9668 0.2554 0.0078
vn -0.2555 -0.9668 0.0000
vn 0.2555 0.9668 -0.0000
usemtl None.305
s 1
f 1//1 2//1 3//1 4//1
f 4//2 3//2 5//2 6//2
f 6//3 5//3 7//3 8//3
f 8//4 7//4 2//4 1//4
f 4//5 6//5 8//5 1//5
f 5//6 3//6 2//6 7//6
o Cube.004_Cube.004_Cube.004_Cube.001
v -16.294432 3.602329 -1.284978
v -15.990188 4.753813 -1.284978
v -14.838737 4.449581 -1.294249
v -15.142982 3.298096 -1.294249
v -14.829774 4.447213 -0.103285
v -15.134018 3.295728 -0.103285
v -15.981224 4.751445 -0.094014
v -16.285469 3.599960 -0.094014
vn -0.0075 0.0020 -1.0000
vn 0.9668 -0.2554 -0.0078
vn 0.0075 -0.0020 1.0000
vn -0.9668 0.2554 0.0078
vn -0.2555 -0.9668 0.0000
vn 0.2555 0.9668 -0.0000
usemtl None.304
s 1
f 9//7 10//7 11//7 12//7
f 12//8 11//8 13//8 14//8
f 14//9 13//9 15//9 16//9
f 16//10 15//10 10//10 9//10
f 12//11 14//11 16//11 9//11
f 13//12 11//12 10//12 15//12
o Cube.004_Cube.005_Cube.004_Cube.002
v -9.393072 1.778851 -1.340545
v -9.088827 2.930336 -1.340545
v -7.937377 2.626103 -1.349816
v -8.241622 1.474619 -1.349816
v -7.928413 2.623735 -0.158852
v -8.232659 1.472251 -0.158852
v -9.079864 2.927967 -0.149581
v -9.384109 1.776483 -0.149581
vn -0.0075 0.0020 -1.0000
vn 0.9668 -0.2554 -0.0078
vn 0.0075 -0.0020 1.0000
vn -0.9668 0.2554 0.0078
vn -0.2555 -0.9668 -0.0000
vn 0.2555 0.9668 0.0000
usemtl None.303
s 1
f 17//13 18//13 19//13 20//13
f 20//14 19//14 21//14 22//14
f 22//15 21//15 23//15 24//15
f 24//16 23//16 18//16 17//16
f 20//17 22//17 24//17 17//17
f 21//18 19//18 18//18 23//18
o Cube.004_Cube.005_Cube.004_Cube.001
v -9.393072 1.778851 -1.340545
v -9.088827 2.930336 -1.340545
v -7.937377 2.626103 -1.349816
v -8.241622 1.474619 -1.349816
v -7.928413 2.623735 -0.158852
v -8.232659 1.472251 -0.158852
v -9.079864 2.927967 -0.149581
v -9.384109 1.776483 -0.149581
vn -0.0075 0.0020 -1.0000
vn 0.9668 -0.2554 -0.0078
vn 0.0075 -0.0020 1.0000
vn -0.9668 0.2554 0.0078
vn -0.2555 -0.9668 -0.0000
vn 0.2555 0.9668 0.0000
usemtl None.302
s 1
f 25//19 26//19 27//19 28//19
f 28//20 27//20 29//20 30//20
f 30//21 29//21 31//21 32//21
f 32//22 31//22 26//22 25//22
f 28//23 30//23 32//23 25//23
f 29//24 27//24 26//24 31//24
o Cube.004_Cube.013_Cube.004_Cube.002
v -16.286102 3.600128 -0.178181
v -15.981857 4.751612 -0.178181
v -14.830407 4.447380 -0.187452
v -15.134651 3.295896 -0.187452
v -14.821444 4.445012 1.003512
v -15.125689 3.293527 1.003512
v -15.972895 4.749244 1.012782
v -16.277138 3.597759 1.012782
vn -0.0075 0.0020 -1.0000
vn 0.9668 -0.2554 -0.0078
vn 0.0075 -0.0020 1.0000
vn -0.9668 0.2554 0.0078
vn -0.2555 -0.9668 0.0000
vn 0.2555 0.9668 -0.0000
usemtl None.301
s 1
f 33//25 34//25 35//25 36//25
f 36//26 35//26 37//26 38//26
f 38//27 37//27 39//27 40//27
f 40//28 39//28 34//28 33//28
f 36//29 38//29 40//29 33//29
f 37//30 35//30 34//30 39//30
o Cube.004_Cube.013_Cube.004_Cube.001
v -16.286102 3.600128 -0.178181
v -15.981857 4.751612 -0.178181
v -14.830407 4.447380 -0.187452
v -15.134651 3.295896 -0.187452
v -14.821444 4.445012 1.003512
v -15.125689 3.293527 1.003512
v -15.972895 4.749244 1.012782
v -16.277138 3.597759 1.012782
vn -0.0075 0.0020 -1.0000
vn 0.9668 -0.2554 -0.0078
vn 0.0075 -0.0020 1.0000
vn -0.9668 0.2554 0.0078
vn -0.2555 -0.9668 0.0000
vn 0.2555 0.9668 -0.0000
usemtl None.300
s 1
f 41//31 42//31 43//31 44//31
f 44//32 43//32 45//32 46//32
f 46//33 45//33 47//33 48//33
f 48//34 47//34 42//34 41//34
f 44//35 46//35 48//35 41//35
f 45//36 43//36 42//36 47//36
o Cube.004_Cube.020_Cube.004_Cube.002
v -9.402137 1.781246 -2.544864
v -9.097891 2.932730 -2.544864
v -7.946441 2.628498 -2.554135
v -8.250686 1.477014 -2.554135
v -7.937477 2.626130 -1.363171
v -8.241723 1.474646 -1.363171
v -9.088927 2.930362 -1.353900
v -9.393173 1.778878 -1.353900
vn -0.0075 0.0020 -1.0000
vn 0.9668 -0.2554 -0.0078
vn 0.0075 -0.0020 1.0000
vn -0.9668 0.2554 0.0078
vn -0.2555 -0.9668 -0.0000
vn 0.2555 0.9668 -0.0000
usemtl None.299
s 1
f 49//37 50//37 51//37 52//37
f 52//38 51//38 53//38 54//38
f 54//39 53//39 55//39 56//39
f 56//40 55//40 50//40 49//40
f 52//41 54//41 56//41 49//41
f 53//42 51//42 50//42 55//42
o Cube.004_Cube.020_Cube.004_Cube.001
v -9.402137 1.781246 -2.544864
v -9.097891 2.932730 -2.544864
v -7.946441 2.628498 -2.554135
v -8.250686 1.477014 -2.554135
v -7.937477 2.626130 -1.363171
v -8.241723 1.474646 -1.363171
v -9.088927 2.930362 -1.353900
v -9.393173 1.778878 -1.353900
vn -0.0075 0.0020 -1.0000
vn 0.9668 -0.2554 -0.0078
vn 0.0075 -0.0020 1.0000
vn -0.9668 0.2554 0.0078
vn -0.2555 -0.9668 -0.0000
vn 0.2555 0.9668 -0.0000
usemtl None.298
s 1
f 57//43 58//43 59//43 60//43
f 60//44 59//44 61//44 62//44
f 62//45 61//45 63//45 64//45
f 64//46 63//46 58//46 57//46
f 60//47 62//47 64//47 57//47
f 61//48 59//48 58//48 63//48
o Cube.004_Cube.021_Cube.004_Cube.002
v -9.384743 1.776650 -0.233748
v -9.080498 2.928134 -0.233748
v -7.929047 2.623902 -0.243019
v -8.233293 1.472418 -0.243019
v -7.920084 2.621534 0.947945
v -8.224329 1.470050 0.947945
v -9.071534 2.925766 0.957216
v -9.375779 1.774282 0.957216
vn -0.0075 0.0020 -1.0000
vn 0.9668 -0.2554 -0.0078
vn 0.0075 -0.0020 1.0000
vn -0.9668 0.2554 0.0078
vn -0.2555 -0.9668 0.0000
vn 0.2555 0.9668 0.0000
usemtl None.297
s 1
f 65//49 66//49 67//49 68//49
f 68//50 67//50 69//50 70//50
f 70//51 69//51 71//51 72//51
f 72//52 71//52 66//52 65//52
f 68//53 70//53 72//53 65//53
f 69//54 67//54 66//54 71//54
o Cube.004_Cube.021_Cube.004_Cube.001
v -9.384743 1.776650 -0.233748
v -9.080498 2.928134 -0.233748
v -7.929047 2.623902 -0.243019
v -8.233293 1.472418 -0.243019
v -7.920084 2.621534 0.947945
v -8.224329 1.470050 0.947945
v -9.071534 2.925766 0.957216
v -9.375779 1.774282 0.957216
vn -0.0075 0.0020 -1.0000
vn 0.9668 -0.2554 -0.0078
vn 0.0075 -0.0020 1.0000
vn -0.9668 0.2554 0.0078
vn -0.2555 -0.9668 0.0000
vn 0.2555 0.9668 0.0000
usemtl None.296
s 1
f 73//55 74//55 75//55 76//55
f 76//56 75//56 77//56 78//56
f 78//57 77//57 79//57 80//57
f 80//58 79//58 74//58 73//58
f 76//59 78//59 80//59 73//59
f 77//60 75//60 74//60 79//60
o Cube.004_Cube.022_Cube.004_Cube.002
v -16.303495 3.604723 -2.489298
v -15.999251 4.756208 -2.489298
v -14.847801 4.451976 -2.498569
v -15.152045 3.300491 -2.498569
v -14.838838 4.449607 -1.307604
v -15.143082 3.298123 -1.307604
v -15.990288 4.753839 -1.298334
v -16.294533 3.602355 -1.298334
vn -0.0075 0.0020 -1.0000
vn 0.9668 -0.2554 -0.0078
vn 0.0075 -0.0020 1.0000
vn -0.9668 0.2554 0.0078
vn -0.2555 -0.9668 0.0000
vn 0.2555 0.9668 -0.0000
usemtl None.295
s 1
f 81//61 82//61 83//61 84//61
f 84//62 83//62 85//62 86//62
f 86//63 85//63 87//63 88//63
f 88//64 87//64 82//64 81//64
f 84//65 86//65 88//65 81//65
f 85//66 83//66 82//66 87//66
o Cube.004_Cube.022_Cube.004_Cube.001
v -16.303495 3.604723 -2.489298
v -15.999251 4.756208 -2.489298
v -14.847801 4.451976 -2.498569
v -15.152045 3.300491 -2.498569
v -14.838838 4.449607 -1.307604
v -15.143082 3.298123 -1.307604
v -15.990288 4.753839 -1.298334
v -16.294533 3.602355 -1.298334
vn -0.0075 0.0020 -1.0000
vn 0.9668 -0.2554 -0.0078
vn 0.0075 -0.0020 1.0000
vn -0.9668 0.2554 0.0078
vn -0.2555 -0.9668 0.0000
vn 0.2555 0.9668 -0.0000
usemtl None.294
s 1
f 89//67 90//67 91//67 92//67
f 92//68 91//68 93//68 94//68
f 94//69 93//69 95//69 96//69
f 96//70 95//70 90//70 89//70
f 92//71 94//71 96//71 89//71
f 93//72 91//72 90//72 95//72
o Cube.004_Cube.037_Cube.004_Cube.002
v -16.277796 3.597933 0.925477
v -15.973551 4.749417 0.925477
v -14.822102 4.445185 0.916206
v -15.126346 3.293701 0.916206
v -14.813138 4.442817 2.107170
v -15.117382 3.291332 2.107170
v -15.964588 4.747049 2.116441
v -16.268833 3.595565 2.116441
vn -0.0075 0.0020 -1.0000
vn 0.9668 -0.2554 -0.0078
vn 0.0075 -0.0020 1.0000
vn -0.9668 0.2554 0.0078
vn -0.2555 -0.9668 -0.0000
vn 0.2555 0.9668 -0.0000
usemtl None.293
s 1
f 97//73 98//73 99//73 100//73
f 100//74 99//74 101//74 102//74
f 102//75 101//75 103//75 104//75
f 104//76 103//76 98//76 97//76
f 100//77 102//77 104//77 97//77
f 101//78 99//78 98//78 103//78
o Cube.004_Cube.037_Cube.004_Cube.001
v -16.277796 3.597933 0.925477
v -15.973551 4.749417 0.925477
v -14.822102 4.445185 0.916206
v -15.126346 3.293701 0.916206
v -14.813138 4.442817 2.107170
v -15.117382 3.291332 2.107170
v -15.964588 4.747049 2.116441
v -16.268833 3.595565 2.116441
vn -0.0075 0.0020 -1.0000
vn 0.9668 -0.2554 -0.0078
vn 0.0075 -0.0020 1.0000
vn -0.9668 0.2554 0.0078
vn -0.2555 -0.9668 -0.0000
vn 0.2555 0.9668 -0.0000
usemtl None.292
s 1
f 105//79 106//79 107//79 108//79
f 108//80 107//80 109//80 110//80
f 110//81 109//81 111//81 112//81
f 112//82 111//82 106//82 105//82
f 108//83 110//83 112//83 105//83
f 109//84 107//84 106//84 111//84
o Cube.004_Cube.038_Cube.004_Cube.002
v -9.376436 1.774456 0.869910
v -9.072191 2.925940 0.869910
v -7.920741 2.621708 0.860640
v -8.224986 1.470224 0.860640
v -7.911777 2.619339 2.051603
v -8.216022 1.467855 2.051603
v -9.063228 2.923572 2.060874
v -9.367473 1.772087 2.060874
vn -0.0075 0.0020 -1.0000
vn 0.9668 -0.2554 -0.0078
vn 0.0075 -0.0020 1.0000
vn -0.9668 0.2554 0.0078
vn -0.2555 -0.9668 -0.0000
vn 0.2555 0.9668 0.0000
usemtl None.291
s 1
f 113//85 114//85 115//85 116//85
f 116//86 115//86 117//86 118//86
f 118//87 117//87 119//87 120//87
f 120//88 119//88 114//88 113//88
f 116//89 118//89 120//89 113//89
f 117//90 115//90 114//90 119//90
o Cube.004_Cube.038_Cube.004_Cube.001
v -9.376436 1.774456 0.869910
v -9.072191 2.925940 0.869910
v -7.920741 2.621708 0.860640
v -8.224986 1.470224 0.860640
v -7.911777 2.619339 2.051603
v -8.216022 1.467855 2.051603
v -9.063228 2.923572 2.060874
v -9.367473 1.772087 2.060874
vn -0.0075 0.0020 -1.0000
vn 0.9668 -0.2554 -0.0078
vn 0.0075 -0.0020 1.0000
vn -0.9668 0.2554 0.0078
vn -0.2555 -0.9668 -0.0000
vn 0.2555 0.9668 0.0000
usemtl None.290
s 1
f 121//91 122//91 123//91 124//91
f 124//92 123//92 125//92 126//92
f 126//93 125//93 127//93 128//93
f 128//94 127//94 122//94 121//94
f 124//95 126//95 128//95 121//95
f 125//96 123//96 122//96 127//96
o Cube.004_Cube.046_Cube.004_Cube.002
v -16.270203 3.595927 1.934307
v -15.965959 4.747411 1.934307
v -14.814508 4.443179 1.925036
v -15.118752 3.291695 1.925036
v -14.805545 4.440811 3.115999
v -15.109789 3.289326 3.115999
v -15.956995 4.745043 3.125270
v -16.261240 3.593559 3.125270
vn -0.0075 0.0020 -1.0000
vn 0.9668 -0.2554 -0.0078
vn 0.0075 -0.0020 1.0000
vn -0.9668 0.2554 0.0078
vn -0.2555 -0.9668 -0.0000
vn 0.2555 0.9668 -0.0000
usemtl None.289
s 1
f 129//97 130//97 131//97 132//97
f 132//98 131//98 133//98 134//98
f 134//99 133//99 135//99 136//99
f 136//100 135//100 130//100 129//100
f 132//101 134//101 136//101 129//101
f 133//102 131//102 130//102 135//102
o Cube.004_Cube.046_Cube.004_Cube.001
v -16.270203 3.595927 1.934307
v -15.965959 4.747411 1.934307
v -14.814508 4.443179 1.925036
v -15.118752 3.291695 1.925036
v -14.805545 4.440811 3.115999
v -15.109789 3.289326 3.115999
v -15.956995 4.745043 3.125270
v -16.261240 3.593559 3.125270
vn -0.0075 0.0020 -1.0000
vn 0.9668 -0.2554 -0.0078
vn 0.0075 -0.0020 1.0000
vn -0.9668 0.2554 0.0078
vn -0.2555 -0.9668 -0.0000
vn 0.2555 0.9668 -0.0000
usemtl None.288
s 1
f 137//103 138//103 139//103 140//103
f 140//104 139//104 141//104 142//104
f 142//105 141//105 143//105 144//105
f 144//106 143//106 138//106 137//106
f 140//107 142//107 144//107 137//107
f 141//108 139//108 138//108 143//108
o Cube.004_Cube.047_Cube.004_Cube.002
v -9.368844 1.772450 1.878740
v -9.064598 2.923934 1.878740
v -7.913148 2.619702 1.869469
v -8.217394 1.468218 1.869469
v -7.904184 2.617333 3.060433
v -8.208430 1.465849 3.060433
v -9.055635 2.921566 3.069704
v -9.359880 1.770081 3.069704
vn -0.0075 0.0020 -1.0000
vn 0.9668 -0.2554 -0.0078
vn 0.0075 -0.0020 1.0000
vn -0.9668 0.2554 0.0078
vn -0.2555 -0.9668 0.0000
vn 0.2555 0.9668 0.0000
usemtl None.287
s 1
f 145//109 146//109 147//109 148//109
f 148//110 147//110 149//110 150//110
f 150//111 149//111 151//111 152//111
f 152//112 151//112 146//112 145//112
f 148//113 150//113 152//113 145//113
f 149//114 147//114 146//114 151//114
o Cube.004_Cube.047_Cube.004_Cube.001
v -9.368844 1.772450 1.878740
v -9.064598 2.923934 1.878740
v -7.913148 2.619702 1.869469
v -8.217394 1.468218 1.869469
v -7.904184 2.617333 3.060433
v -8.208430 1.465849 3.060433
v -9.055635 2.921566 3.069704
v -9.359880 1.770081 3.069704
vn -0.0075 0.0020 -1.0000
vn 0.9668 -0.2554 -0.0078
vn 0.0075 -0.0020 1.0000
vn -0.9668 0.2554 0.0078
vn -0.2555 -0.9668 0.0000
vn 0.2555 0.9668 0.0000
usemtl None.286
s 1
f 153//115 154//115 155//115 156//115
f 156//116 155//116 157//116 158//116
f 158//117 157//117 159//117 160//117
f 160//118 159//118 154//118 153//118
f 156//119 158//119 160//119 153//119
f 157//120 155//120 154//120 159//120
o Cube.004_Cube.055_Cube.004_Cube.002
v -16.261118 3.593526 3.141515
v -15.956873 4.745011 3.141515
v -14.805423 4.440779 3.132244
v -15.109667 3.289294 3.132244
v -14.796459 4.438410 4.323208
v -15.100704 3.286926 4.323208
v -15.947910 4.742642 4.332479
v -16.252153 3.591158 4.332479
vn -0.0075 0.0020 -1.0000
vn 0.9668 -0.2554 -0.0078
vn 0.0075 -0.0020 1.0000
vn -0.9668 0.2554 0.0078
vn -0.2555 -0.9668 0.0000
vn 0.2555 0.9668 -0.0000
usemtl None.285
s 1
f 161//121 162//121 163//121 164//121
f 164//122 163//122 165//122 166//122
f 166//123 165//123 167//123 168//123
f 168//124 167//124 162//124 161//124
f 164//125 166//125 168//125 161//125
f 165//126 163//126 162//126 167//126
o Cube.004_Cube.055_Cube.004_Cube.001
v -16.261118 3.593526 3.141515
v -15.956873 4.745011 3.141515
v -14.805423 4.440779 3.132244
v -15.109667 3.289294 3.132244
v -14.796459 4.438410 4.323208
v -15.100704 3.286926 4.323208
v -15.947910 4.742642 4.332479
v -16.252153 3.591158 4.332479
vn -0.0075 0.0020 -1.0000
vn 0.9668 -0.2554 -0.0078
vn 0.0075 -0.0020 1.0000
vn -0.9668 0.2554 0.0078
vn -0.2555 -0.9668 0.0000
vn 0.2555 0.9668 -0.0000
usemtl None.284
s 1
f 169//127 170//127 171//127 172//127
f 172//128 171//128 173//128 174//128
f 174//129 173//129 175//129 176//129
f 176//130 175//130 170//130 169//130
f 172//131 174//131 176//131 169//131
f 173//132 171//132 170//132 175//132
o Cube.004_Cube.056_Cube.004_Cube.002
v -9.359758 1.770049 3.085948
v -9.055512 2.921533 3.085948
v -7.904062 2.617301 3.076677
v -8.208308 1.465817 3.076677
v -7.895100 2.614933 4.267641
v -8.199345 1.463449 4.267641
v -9.046550 2.919165 4.276912
v -9.350795 1.767681 4.276912
vn -0.0075 0.0020 -1.0000
vn 0.9668 -0.2554 -0.0078
vn 0.0075 -0.0020 1.0000
vn -0.9668 0.2554 0.0078
vn -0.2555 -0.9668 0.0000
vn 0.2555 0.9668 0.0000
usemtl None.283
s 1
f 177//133 178//133 179//133 180//133
f 180//134 179//134 181//134 182//134
f 182//135 181//135 183//135 184//135
f 184//136 183//136 178//136 177//136
f 180//137 182//137 184//137 177//137
f 181//138 179//138 178//138 183//138
o Cube.004_Cube.056_Cube.004_Cube.001
v -9.359758 1.770049 3.085948
v -9.055512 2.921533 3.085948
v -7.904062 2.617301 3.076677
v -8.208308 1.465817 3.076677
v -7.895100 2.614933 4.267641
v -8.199345 1.463449 4.267641
v -9.046550 2.919165 4.276912
v -9.350795 1.767681 4.276912
vn -0.0075 0.0020 -1.0000
vn 0.9668 -0.2554 -0.0078
vn 0.0075 -0.0020 1.0000
vn -0.9668 0.2554 0.0078
vn -0.2555 -0.9668 0.0000
vn 0.2555 0.9668 0.0000
usemtl None.282
s 1
f 185//139 186//139 187//139 188//139
f 188//140 187//140 189//140 190//140
f 190//141 189//141 191//141 192//141
f 192//142 191//142 186//142 185//142
f 188//143 190//143 192//143 185//143
f 189//144 187//144 186//144 191//144
o Cube.005_Cube.004_Cube.005_Cube.002
v -15.129309 3.294483 -1.275859
v -14.825064 4.445967 -1.275859
v -13.673615 4.141732 -1.285130
v -13.977859 2.990248 -1.285130
v -13.664652 4.139364 -0.094166
v -13.968896 2.987879 -0.094166
v -14.816101 4.443599 -0.084896
v -15.120345 3.292114 -0.084895
vn -0.0075 0.0020 -1.0000
vn 0.9668 -0.2554 -0.0078
vn 0.0075 -0.0020 1.0000
vn -0.9668 0.2554 0.0078
vn -0.2555 -0.9668 -0.0000
vn 0.2555 0.9668 0.0000
usemtl None.281
s 1
f 193//145 194//145 195//145 196//145
f 196//146 195//146 197//146 198//146
f 198//147 197//147 199//147 200//147
f 200//148 199//148 194//148 193//148
f 196//149 198//149 200//149 193//149
f 197//150 195//150 194//150 199//150
o Cube.005_Cube.004_Cube.005_Cube.001
v -15.129309 3.294483 -1.275859
v -14.825064 4.445967 -1.275859
v -13.673615 4.141732 -1.285130
v -13.977859 2.990248 -1.285130
v -13.664652 4.139364 -0.094166
v -13.968896 2.987879 -0.094166
v -14.816101 4.443599 -0.084896
v -15.120345 3.292114 -0.084895
vn -0.0075 0.0020 -1.0000
vn 0.9668 -0.2554 -0.0078
vn 0.0075 -0.0020 1.0000
vn -0.9668 0.2554 0.0078
vn -0.2555 -0.9668 -0.0000
vn 0.2555 0.9668 0.0000
usemtl None.280
s 1
f 201//151 202//151 203//151 204//151
f 204//152 203//152 205//152 206//152
f 206//153 205//153 207//153 208//153
f 208//154 207//154 202//154 201//154
f 204//155 206//155 208//155 201//155
f 205//156 203//156 202//156 207//156
o Cube.005_Cube.005_Cube.005_Cube.002
v -8.227948 1.471005 -1.331426
v -7.923703 2.622490 -1.331426
v -6.772254 2.318254 -1.340697
v -7.076498 1.166770 -1.340697
v -6.763290 2.315886 -0.149733
v -7.067535 1.164402 -0.149733
v -7.914740 2.620121 -0.140462
v -8.218985 1.468637 -0.140462
vn -0.0075 0.0020 -1.0000
vn 0.9668 -0.2554 -0.0078
vn 0.0075 -0.0020 1.0000
vn -0.9668 0.2554 0.0078
vn -0.2555 -0.9668 -0.0000
vn 0.2555 0.9668 0.0000
usemtl None.279
s 1
f 209//157 210//157 211//157 212//157
f 212//158 211//158 213//158 214//158
f 214//159 213//159 215//159 216//159
f 216//160 215//160 210//160 209//160
f 212//161 214//161 216//161 209//161
f 213//162 211//162 210//162 215//162
o Cube.005_Cube.005_Cube.005_Cube.001
v -8.227948 1.471005 -1.331426
v -7.923703 2.622490 -1.331426
v -6.772254 2.318254 -1.340697
v -7.076498 1.166770 -1.340697
v -6.763290 2.315886 -0.149733
v -7.067535 1.164402 -0.149733
v -7.914740 2.620121 -0.140462
v -8.218985 1.468637 -0.140462
vn -0.0075 0.0020 -1.0000
vn 0.9668 -0.2554 -0.0078
vn 0.0075 -0.0020 1.0000
vn -0.9668 0.2554 0.0078
vn -0.2555 -0.9668 -0.0000
vn 0.2555 0.9668 0.0000
usemtl None.278
s 1
f 217//163 218//163 219//163 220//163
f 220//164 219//164 221//164 222//164
f 222//165 221//165 223//165 224//165
f 224//166 223//166 218//166 217//166
f 220//167 222//167 224//167 217//167
f 221//168 219//168 218//168 223//168
o Cube.005_Cube.013_Cube.005_Cube.002
v -15.120978 3.292282 -0.169063
v -14.816734 4.443766 -0.169063
v -13.665285 4.139531 -0.178334
v -13.969529 2.988047 -0.178334
v -13.656322 4.137163 1.012630
v -13.960566 2.985678 1.012630
v -14.807771 4.441398 1.021901
v -15.112015 3.289914 1.021901
vn -0.0075 0.0020 -1.0000
vn 0.9668 -0.2554 -0.0078
vn 0.0075 -0.0020 1.0000
vn -0.9668 0.2554 0.0078
vn -0.2555 -0.9668 -0.0000
vn 0.2555 0.9668 -0.0000
usemtl None.277
s 1
f 225//169 226//169 227//169 228//169
f 228//170 227//170 229//170 230//170
f 230//171 229//171 231//171 232//171
f 232//172 231//172 226//172 225//172
f 228//173 230//173 232//173 225//173
f 229//174 227//174 226//174 231//174
o Cube.005_Cube.013_Cube.005_Cube.001
v -15.120978 3.292282 -0.169063
v -14.816734 4.443766 -0.169063
v -13.665285 4.139531 -0.178334
v -13.969529 2.988047 -0.178334
v -13.656322 4.137163 1.012630
v -13.960566 2.985678 1.012630
v -14.807771 4.441398 1.021901
v -15.112015 3.289914 1.021901
vn -0.0075 0.0020 -1.0000
vn 0.9668 -0.2554 -0.0078
vn 0.0075 -0.0020 1.0000
vn -0.9668 0.2554 0.0078
vn -0.2555 -0.9668 -0.0000
vn 0.2555 0.9668 -0.0000
usemtl None.276
s 1
f 233//175 234//175 235//175 236//175
f 236//176 235//176 237//176 238//176
f 238//177 237//177 239//177 240//177
f 240//178 239//178 234//178 233//178
f 236//179 238//179 240//179 233//179
f 237//180 235//180 234//180 239//180
o Cube.005_Cube.014_Cube.005_Cube.002
v -8.219618 1.468804 -0.224630
v -7.915374 2.620289 -0.224630
v -6.763924 2.316053 -0.233901
v -7.068169 1.164569 -0.233901
v -6.754961 2.313685 0.957063
v -7.059205 1.162201 0.957063
v -7.906410 2.617920 0.966334
v -8.210654 1.466436 0.966334
vn -0.0075 0.0020 -1.0000
vn 0.9668 -0.2554 -0.0078
vn 0.0075 -0.0020 1.0000
vn -0.9668 0.2554 0.0078
vn -0.2555 -0.9668 0.0000
vn 0.2555 0.9668 0.0000
usemtl None.275
s 1
f 241//181 242//181 243//181 244//181
f 244//182 243//182 245//182 246//182
f 246//183 245//183 247//183 248//183
f 248//184 247//184 242//184 241//184
f 244//185 246//185 248//185 241//185
f 245//186 243//186 242//186 247//186
o Cube.005_Cube.014_Cube.005_Cube.001
v -8.219618 1.468804 -0.224630
v -7.915374 2.620289 -0.224630
v -6.763924 2.316053 -0.233901
v -7.068169 1.164569 -0.233901
v -6.754961 2.313685 0.957063
v -7.059205 1.162201 0.957063
v -7.906410 2.617920 0.966334
v -8.210654 1.466436 0.966334
vn -0.0075 0.0020 -1.0000
vn 0.9668 -0.2554 -0.0078
vn 0.0075 -0.0020 1.0000
vn -0.9668 0.2554 0.0078
vn -0.2555 -0.9668 0.0000
vn 0.2555 0.9668 0.0000
usemtl None.274
s 1
f 249//187 250//187 251//187 252//187
f 252//188 251//188 253//188 254//188
f 254//189 253//189 255//189 256//189
f 256//190 255//190 250//190 249//190
f 252//191 254//191 256//191 249//191
f 253//192 251//192 250//192 255//192
o Cube.005_Cube.022_Cube.005_Cube.002
v -15.112673 3.290087 0.934595
v -14.808428 4.441572 0.934595
v -13.656979 4.137337 0.925324
v -13.961224 2.985852 0.925324
v -13.648015 4.134968 2.116288
v -13.952259 2.983484 2.116288
v -14.799465 4.439203 2.125559
v -15.103709 3.287719 2.125559
vn -0.0075 0.0020 -1.0000
vn 0.9668 -0.2554 -0.0078
vn 0.0075 -0.0020 1.0000
vn -0.9668 0.2554 0.0078
vn -0.2555 -0.9668 0.0000
vn 0.2555 0.9668 0.0000
usemtl None.273
s 1
f 257//193 258//193 259//193 260//193
f 260//194 259//194 261//194 262//194
f 262//195 261//195 263//195 264//195
f 264//196 263//196 258//196 257//196
f 260//197 262//197 264//197 257//197
f 261//198 259//198 258//198 263//198
o Cube.005_Cube.022_Cube.005_Cube.001
v -15.112673 3.290087 0.934595
v -14.808428 4.441572 0.934595
v -13.656979 4.137337 0.925324
v -13.961224 2.985852 0.925324
v -13.648015 4.134968 2.116288
v -13.952259 2.983484 2.116288
v -14.799465 4.439203 2.125559
v -15.103709 3.287719 2.125559
vn -0.0075 0.0020 -1.0000
vn 0.9668 -0.2554 -0.0078
vn 0.0075 -0.0020 1.0000
vn -0.9668 0.2554 0.0078
vn -0.2555 -0.9668 0.0000
vn 0.2555 0.9668 0.0000
usemtl None.272
s 1
f 265//199 266//199 267//199 268//199
f 268//200 267//200 269//200 270//200
f 270//201 269//201 271//201 272//201
f 272//202 271//202 266//202 265//202
f 268//203 270//203 272//203 265//203
f 269//204 267//204 266//204 271//204
o Cube.005_Cube.023_Cube.005_Cube.002
v -8.211311 1.466610 0.879028
v -7.907067 2.618094 0.879028
v -6.755618 2.313859 0.869757
v -7.059862 1.162374 0.869757
v -6.746655 2.311491 2.060721
v -7.050899 1.160006 2.060721
v -7.898104 2.615726 2.069992
v -8.202349 1.464241 2.069992
vn -0.0075 0.0020 -1.0000
vn 0.9668 -0.2554 -0.0078
vn 0.0075 -0.0020 1.0000
vn -0.9668 0.2554 0.0078
vn -0.2555 -0.9668 -0.0000
vn 0.2555 0.9668 -0.0000
usemtl None.063
s 1
f 273//205 274//205 275//205 276//205
f 276//206 275//206 277//206 278//206
f 278//207 277//207 279//207 280//207
f 280//208 279//208 274//208 273//208
f 276//209 278//209 280//209 273//209
f 277//210 275//210 274//210 279//210
o Cube.005_Cube.023_Cube.005_Cube.001
v -8.211311 1.466610 0.879028
v -7.907067 2.618094 0.879028
v -6.755618 2.313859 0.869757
v -7.059862 1.162374 0.869757
v -6.746655 2.311491 2.060721
v -7.050899 1.160006 2.060721
v -7.898104 2.615726 2.069992
v -8.202349 1.464241 2.069992
vn -0.0075 0.0020 -1.0000
vn 0.9668 -0.2554 -0.0078
vn 0.0075 -0.0020 1.0000
vn -0.9668 0.2554 0.0078
vn -0.2555 -0.9668 -0.0000
vn 0.2555 0.9668 -0.0000
usemtl None.062
s 1
f 281//211 282//211 283//211 284//211
f 284//212 283//212 285//212 286//212
f 286//213 285//213 287//213 288//213
f 288//214 287//214 282//214 281//214
f 284//215 286//215 288//215 281//215
f 285//216 283//216 282//216 287//216
o Cube.005_Cube.031_Cube.005_Cube.002
v -15.105080 3.288081 1.943425
v -14.800836 4.439566 1.943425
v -13.649385 4.135330 1.934154
v -13.953630 2.983846 1.934154
v -13.640423 4.132962 3.125118
v -13.944667 2.981478 3.125118
v -14.791872 4.437197 3.134389
v -15.096117 3.285713 3.134389
vn -0.0075 0.0020 -1.0000
vn 0.9668 -0.2554 -0.0078
vn 0.0075 -0.0020 1.0000
vn -0.9668 0.2554 0.0078
vn -0.2555 -0.9668 0.0000
vn 0.2555 0.9668 -0.0000
usemtl None.061
s 1
f 289//217 290//217 291//217 292//217
f 292//218 291//218 293//218 294//218
f 294//219 293//219 295//219 296//219
f 296//220 295//220 290//220 289//220
f 292//221 294//221 296//221 289//221
f 293//222 291//222 290//222 295//222
o Cube.005_Cube.031_Cube.005_Cube.001
v -15.105080 3.288081 1.943425
v -14.800836 4.439566 1.943425
v -13.649385 4.135330 1.934154
v -13.953630 2.983846 1.934154
v -13.640423 4.132962 3.125118
v -13.944667 2.981478 3.125118
v -14.791872 4.437197 3.134389
v -15.096117 3.285713 3.134389
vn -0.0075 0.0020 -1.0000
vn 0.9668 -0.2554 -0.0078
vn 0.0075 -0.0020 1.0000
vn -0.9668 0.2554 0.0078
vn -0.2555 -0.9668 0.0000
vn 0.2555 0.9668 -0.0000
usemtl None.060
s 1
f 297//223 298//223 299//223 300//223
f 300//224 299//224 301//224 302//224
f 302//225 301//225 303//225 304//225
f 304//226 303//226 298//226 297//226
f 300//227 302//227 304//227 297//227
f 301//228 299//228 298//228 303//228
o Cube.005_Cube.032_Cube.005_Cube.002
v -8.203719 1.464603 1.887859
v -7.899475 2.616088 1.887859
v -6.748025 2.311853 1.878587
v -7.052270 1.160368 1.878587
v -6.739061 2.309484 3.069551
v -7.043306 1.158000 3.069551
v -7.890512 2.613720 3.078822
v -8.194756 1.462235 3.078822
vn -0.0075 0.0020 -1.0000
vn 0.9668 -0.2554 -0.0078
vn 0.0075 -0.0020 1.0000
vn -0.9668 0.2554 0.0078
vn -0.2555 -0.9668 0.0000
vn 0.2555 0.9668 -0.0000
usemtl None.059
s 1
f 305//229 306//229 307//229 308//229
f 308//230 307//230 309//230 310//230
f 310//231 309//231 311//231 312//231
f 312//232 311//232 306//232 305//232
f 308//233 310//233 312//233 305//233
f 309//234 307//234 306//234 311//234
o Cube.005_Cube.032_Cube.005_Cube.001
v -8.203719 1.464603 1.887859
v -7.899475 2.616088 1.887859
v -6.748025 2.311853 1.878587
v -7.052270 1.160368 1.878587
v -6.739061 2.309484 3.069551
v -7.043306 1.158000 3.069551
v -7.890512 2.613720 3.078822
v -8.194756 1.462235 3.078822
vn -0.0075 0.0020 -1.0000
vn 0.9668 -0.2554 -0.0078
vn 0.0075 -0.0020 1.0000
vn -0.9668 0.2554 0.0078
vn -0.2555 -0.9668 0.0000
vn 0.2555 0.9668 -0.0000
usemtl None.058
s 1
f 313//235 314//235 315//235 316//235
f 316//236 315//236 317//236 318//236
f 318//237 317//237 319//237 320//237
f 320//238 319//238 314//238 313//238
f 316//239 318//239 320//239 313//239
f 317//240 315//240 314//240 319//240
o Cube.005_Cube.040_Cube.005_Cube.002
v -15.095994 3.285680 3.150634
v -14.791750 4.437165 3.150634
v -13.640301 4.132930 3.141363
v -13.944545 2.981445 3.141363
v -13.631337 4.130562 4.332327
v -13.935581 2.979077 4.332327
v -14.782786 4.434797 4.341598
v -15.087030 3.283312 4.341598
vn -0.0075 0.0020 -1.0000
vn 0.9668 -0.2554 -0.0078
vn 0.0075 -0.0020 1.0000
vn -0.9668 0.2554 0.0078
vn -0.2555 -0.9668 0.0000
vn 0.2555 0.9668 0.0000
usemtl None.057
s 1
f 321//241 322//241 323//241 324//241
f 324//242 323//242 325//242 326//242
f 326//243 325//243 327//243 328//243
f 328//244 327//244 322//244 321//244
f 324//245 326//245 328//245 321//245
f 325//246 323//246 322//246 327//246
o Cube.005_Cube.040_Cube.005_Cube.001
v -15.095994 3.285680 3.150634
v -14.791750 4.437165 3.150634
v -13.640301 4.132930 3.141363
v -13.944545 2.981445 3.141363
v -13.631337 4.130562 4.332327
v -13.935581 2.979077 4.332327
v -14.782786 4.434797 4.341598
v -15.087030 3.283312 4.341598
vn -0.0075 0.0020 -1.0000
vn 0.9668 -0.2554 -0.0078
vn 0.0075 -0.0020 1.0000
vn -0.9668 0.2554 0.0078
vn -0.2555 -0.9668 0.0000
vn 0.2555 0.9668 0.0000
usemtl None.056
s 1
f 329//247 330//247 331//247 332//247
f 332//248 331//248 333//248 334//248
f 334//249 333//249 335//249 336//249
f 336//250 335//250 330//250 329//250
f 332//251 334//251 336//251 329//251
f 333//252 331//252 330//252 335//252
o Cube.005_Cube.041_Cube.005_Cube.002
v -8.194633 1.462203 3.095067
v -7.890389 2.613688 3.095067
v -6.738939 2.309452 3.085796
v -7.043184 1.157968 3.085796
v -6.729977 2.307084 4.276760
v -7.034221 1.155599 4.276760
v -7.881426 2.611319 4.286031
v -8.185670 1.459835 4.286031
vn -0.0075 0.0020 -1.0000
vn 0.9668 -0.2554 -0.0078
vn 0.0075 -0.0020 1.0000
vn -0.9668 0.2554 0.0078
vn -0.2555 -0.9668 -0.0000
vn 0.2555 0.9668 0.0000
usemtl None.055
s 1
f 337//253 338//253 339//253 340//253
f 340//254 339//254 341//254 342//254
f 342//255 341//255 343//255 344//255
f 344//256 343//256 338//256 337//256
f 340//257 342//257 344//257 337//257
f 341//258 339//258 338//258 343//258
o Cube.005_Cube.041_Cube.005_Cube.001
v -8.194633 1.462203 3.095067
v -7.890389 2.613688 3.095067
v -6.738939 2.309452 3.085796
v -7.043184 1.157968 3.085796
v -6.729977 2.307084 4.276760
v -7.034221 1.155599 4.276760
v -7.881426 2.611319 4.286031
v -8.185670 1.459835 4.286031
vn -0.0075 0.0020 -1.0000
vn 0.9668 -0.2554 -0.0078
vn 0.0075 -0.0020 1.0000
vn -0.9668 0.2554 0.0078
vn -0.2555 -0.9668 -0.0000
vn 0.2555 0.9668 0.0000
usemtl None.054
s 1
f 345//259 346//259 347//259 348//259
f 348//260 347//260 349//260 350//260
f 350//261 349//261 351//261 352//261
f 352//262 351//262 346//262 345//262
f 348//263 350//263 352//263 345//263
f 349//264 347//264 346//264 351//264
o Cube.005_Cube.056_Cube.005_Cube.002
v -8.237012 1.473400 -2.535746
v -7.932767 2.624885 -2.535746
v -6.781318 2.320649 -2.545017
v -7.085562 1.169165 -2.545017
v -6.772354 2.318281 -1.354053
v -7.076599 1.166796 -1.354053
v -7.923804 2.622516 -1.344782
v -8.228048 1.471032 -1.344782
vn -0.0075 0.0020 -1.0000
vn 0.9668 -0.2554 -0.0078
vn 0.0075 -0.0020 1.0000
vn -0.9668 0.2554 0.0078
vn -0.2555 -0.9668 -0.0000
vn 0.2555 0.9668 0.0000
usemtl None.053
s 1
f 353//265 354//265 355//265 356//265
f 356//266 355//266 357//266 358//266
f 358//267 357//267 359//267 360//267
f 360//268 359//268 354//268 353//268
f 356//269 358//269 360//269 353//269
f 357//270 355//270 354//270 359//270
o Cube.005_Cube.056_Cube.005_Cube.001
v -8.237012 1.473400 -2.535746
v -7.932767 2.624885 -2.535746
v -6.781318 2.320649 -2.545017
v -7.085562 1.169165 -2.545017
v -6.772354 2.318281 -1.354053
v -7.076599 1.166796 -1.354053
v -7.923804 2.622516 -1.344782
v -8.228048 1.471032 -1.344782
vn -0.0075 0.0020 -1.0000
vn 0.9668 -0.2554 -0.0078
vn 0.0075 -0.0020 1.0000
vn -0.9668 0.2554 0.0078
vn -0.2555 -0.9668 -0.0000
vn 0.2555 0.9668 0.0000
usemtl None.052
s 1
f 361//271 362//271 363//271 364//271
f 364//272 363//272 365//272 366//272
f 366//273 365//273 367//273 368//273
f 368//274 367//274 362//274 361//274
f 364//275 366//275 368//275 361//275
f 365//276 363//276 362//276 367//276
o Cube.005_Cube.057_Cube.005_Cube.002
v -15.138372 3.296877 -2.480179
v -14.834128 4.448362 -2.480179
v -13.682678 4.144127 -2.489450
v -13.986923 2.992642 -2.489450
v -13.673716 4.141759 -1.298486
v -13.977960 2.990274 -1.298486
v -14.825165 4.445994 -1.289215
v -15.129409 3.294509 -1.289215
vn -0.0075 0.0020 -1.0000
vn 0.9668 -0.2554 -0.0078
vn 0.0075 -0.0020 1.0000
vn -0.9668 0.2554 0.0078
vn -0.2555 -0.9668 0.0000
vn 0.2555 0.9668 -0.0000
usemtl None.051
s 1
f 369//277 370//277 371//277 372//277
f 372//278 371//278 373//278 374//278
f 374//279 373//279 375//279 376//279
f 376//280 375//280 370//280 369//280
f 372//281 374//281 376//281 369//281
f 373//282 371//282 370//282 375//282
o Cube.005_Cube.057_Cube.005_Cube.001
v -15.138372 3.296877 -2.480179
v -14.834128 4.448362 -2.480179
v -13.682678 4.144127 -2.489450
v -13.986923 2.992642 -2.489450
v -13.673716 4.141759 -1.298486
v -13.977960 2.990274 -1.298486
v -14.825165 4.445994 -1.289215
v -15.129409 3.294509 -1.289215
vn -0.0075 0.0020 -1.0000
vn 0.9668 -0.2554 -0.0078
vn 0.0075 -0.0020 1.0000
vn -0.9668 0.2554 0.0078
vn -0.2555 -0.9668 0.0000
vn 0.2555 0.9668 -0.0000
usemtl None.050
s 1
f 377//283 378//283 379//283 380//283
f 380//284 379//284 381//284 382//284
f 382//285 381//285 383//285 384//285
f 384//286 383//286 378//286 377//286
f 380//287 382//287 384//287 377//287
f 381//288 379//288 378//288 383//288
o Cube.006_Cube.004_Cube.006_Cube.002
v -13.978710 2.990472 -1.285123
v -13.674464 4.141956 -1.285123
v -12.523015 3.837720 -1.294394
v -12.827259 2.686236 -1.294394
v -12.514051 3.835352 -0.103431
v -12.818296 2.683868 -0.103431
v -13.665501 4.139588 -0.094160
v -13.969747 2.988104 -0.094160
vn -0.0075 0.0020 -1.0000
vn 0.9668 -0.2554 -0.0078
vn 0.0075 -0.0020 1.0000
vn -0.9668 0.2554 0.0078
vn -0.2555 -0.9668 -0.0000
vn 0.2555 0.9668 -0.0000
usemtl None.281
s 1
f 385//289 386//289 387//289 388//289
f 388//290 387//290 389//290 390//290
f 390//291 389//291 391//291 392//291
f 392//292 391//292 386//292 385//292
f 388//293 390//293 392//293 385//293
f 389//294 387//294 386//294 391//294
o Cube.006_Cube.004_Cube.006_Cube.001
v -13.978710 2.990472 -1.285123
v -13.674464 4.141956 -1.285123
v -12.523015 3.837720 -1.294394
v -12.827259 2.686236 -1.294394
v -12.514051 3.835352 -0.103431
v -12.818296 2.683868 -0.103431
v -13.665501 4.139588 -0.094160
v -13.969747 2.988104 -0.094160
vn -0.0075 0.0020 -1.0000
vn 0.9668 -0.2554 -0.0078
vn 0.0075 -0.0020 1.0000
vn -0.9668 0.2554 0.0078
vn -0.2555 -0.9668 -0.0000
vn 0.2555 0.9668 -0.0000
usemtl None.280
s 1
f 393//295 394//295 395//295 396//295
f 396//296 395//296 397//296 398//296
f 398//297 397//297 399//297 400//297
f 400//298 399//298 394//298 393//298
f 396//299 398//299 400//299 393//299
f 397//300 395//300 394//300 399//300
o Cube.006_Cube.005_Cube.006_Cube.002
v -7.077349 1.166995 -1.340690
v -6.773104 2.318479 -1.340690
v -5.621655 2.014243 -1.349961
v -5.925900 0.862759 -1.349961
v -5.612691 2.011875 -0.158997
v -5.916937 0.860391 -0.158997
v -6.764140 2.316111 -0.149726
v -7.068386 1.164627 -0.149726
vn -0.0075 0.0020 -1.0000
vn 0.9668 -0.2554 -0.0078
vn 0.0075 -0.0020 1.0000
vn -0.9668 0.2554 0.0078
vn -0.2555 -0.9668 -0.0000
vn 0.2555 0.9668 0.0000
usemtl None.279
s 1
f 401//301 402//301 403//301 404//301
f 404//302 403//302 405//302 406//302
f 406//303 405//303 407//303 408//303
f 408//304 407//304 402//304 401//304
f 404//305 406//305 408//305 401//305
f 405//306 403//306 402//306 407//306
o Cube.006_Cube.005_Cube.006_Cube.001
v -7.077349 1.166995 -1.340690
v -6.773104 2.318479 -1.340690
v -5.621655 2.014243 -1.349961
v -5.925900 0.862759 -1.349961
v -5.612691 2.011875 -0.158997
v -5.916937 0.860391 -0.158997
v -6.764140 2.316111 -0.149726
v -7.068386 1.164627 -0.149726
vn -0.0075 0.0020 -1.0000
vn 0.9668 -0.2554 -0.0078
vn 0.0075 -0.0020 1.0000
vn -0.9668 0.2554 0.0078
vn -0.2555 -0.9668 -0.0000
vn 0.2555 0.9668 0.0000
usemtl None.278
s 1
f 409//307 410//307 411//307 412//307
f 412//308 411//308 413//308 414//308
f 414//309 413//309 415//309 416//309
f 416//310 415//310 410//310 409//310
f 412//311 414//311 416//311 409//311
f 413//312 411//312 410//312 415//312
o Cube.006_Cube.013_Cube.006_Cube.002
v -13.970380 2.988271 -0.178327
v -13.666134 4.139756 -0.178327
v -12.514685 3.835520 -0.187598
v -12.818930 2.684035 -0.187598
v -12.505722 3.833151 1.003366
v -12.809967 2.681667 1.003366
v -13.657171 4.137387 1.012637
v -13.961416 2.985903 1.012637
vn -0.0075 0.0020 -1.0000
vn 0.9668 -0.2554 -0.0078
vn 0.0075 -0.0020 1.0000
vn -0.9668 0.2554 0.0078
vn -0.2555 -0.9668 0.0000
vn 0.2555 0.9668 0.0000
usemtl None.277
s 1
f 417//313 418//313 419//313 420//313
f 420//314 419//314 421//314 422//314
f 422//315 421//315 423//315 424//315
f 424//316 423//316 418//316 417//316
f 420//317 422//317 424//317 417//317
f 421//318 419//318 418//318 423//318
o Cube.006_Cube.013_Cube.006_Cube.001
v -13.970380 2.988271 -0.178327
v -13.666134 4.139756 -0.178327
v -12.514685 3.835520 -0.187598
v -12.818930 2.684035 -0.187598
v -12.505722 3.833151 1.003366
v -12.809967 2.681667 1.003366
v -13.657171 4.137387 1.012637
v -13.961416 2.985903 1.012637
vn -0.0075 0.0020 -1.0000
vn 0.9668 -0.2554 -0.0078
vn 0.0075 -0.0020 1.0000
vn -0.9668 0.2554 0.0078
vn -0.2555 -0.9668 0.0000
vn 0.2555 0.9668 0.0000
usemtl None.276
s 1
f 425//319 426//319 427//319 428//319
f 428//320 427//320 429//320 430//320
f 430//321 429//321 431//321 432//321
f 432//322 431//322 426//322 425//322
f 428//323 430//323 432//323 425//323
f 429//324 427//324 426//324 431//324
o Cube.006_Cube.014_Cube.006_Cube.002
v -7.069019 1.164794 -0.233894
v -6.764773 2.316278 -0.233894
v -5.613324 2.012042 -0.243165
v -5.917570 0.860558 -0.243165
v -5.604362 2.009674 0.947799
v -5.908607 0.858190 0.947799
v -6.755811 2.313910 0.957070
v -7.060056 1.162426 0.957070
vn -0.0075 0.0020 -1.0000
vn 0.9668 -0.2554 -0.0078
vn 0.0075 -0.0020 1.0000
vn -0.9668 0.2554 0.0078
vn -0.2555 -0.9668 -0.0000
vn 0.2555 0.9668 -0.0000
usemtl None.275
s 1
f 433//325 434//325 435//325 436//325
f 436//326 435//326 437//326 438//326
f 438//327 437//327 439//327 440//327
f 440//328 439//328 434//328 433//328
f 436//329 438//329 440//329 433//329
f 437//330 435//330 434//330 439//330
o Cube.006_Cube.014_Cube.006_Cube.001
v -7.069019 1.164794 -0.233894
v -6.764773 2.316278 -0.233894
v -5.613324 2.012042 -0.243165
v -5.917570 0.860558 -0.243165
v -5.604362 2.009674 0.947799
v -5.908607 0.858190 0.947799
v -6.755811 2.313910 0.957070
v -7.060056 1.162426 0.957070
vn -0.0075 0.0020 -1.0000
vn 0.9668 -0.2554 -0.0078
vn 0.0075 -0.0020 1.0000
vn -0.9668 0.2554 0.0078
vn -0.2555 -0.9668 -0.0000
vn 0.2555 0.9668 -0.0000
usemtl None.274
s 1
f 441//331 442//331 443//331 444//331
f 444//332 443//332 445//332 446//332
f 446//333 445//333 447//333 448//333
f 448//334 447//334 442//334 441//334
f 444//335 446//335 448//335 441//335
f 445//336 443//336 442//336 447//336
o Cube.006_Cube.022_Cube.006_Cube.002
v -13.962074 2.986077 0.925330
v -13.657828 4.137561 0.925330
v -12.506379 3.833325 0.916060
v -12.810623 2.681840 0.916059
v -12.497416 3.830957 2.107023
v -12.801661 2.679472 2.107023
v -13.648865 4.135193 2.116294
v -13.953110 2.983708 2.116294
vn -0.0075 0.0020 -1.0000
vn 0.9668 -0.2554 -0.0078
vn 0.0075 -0.0020 1.0000
vn -0.9668 0.2554 0.0078
vn -0.2555 -0.9668 -0.0000
vn 0.2555 0.9668 0.0000
usemtl None.273
s 1
f 449//337 450//337 451//337 452//337
f 452//338 451//338 453//338 454//338
f 454//339 453//339 455//339 456//339
f 456//340 455//340 450//340 449//340
f 452//341 454//341 456//341 449//341
f 453//342 451//342 450//342 455//342
o Cube.006_Cube.022_Cube.006_Cube.001
v -13.962074 2.986077 0.925330
v -13.657828 4.137561 0.925330
v -12.506379 3.833325 0.916060
v -12.810623 2.681840 0.916059
v -12.497416 3.830957 2.107023
v -12.801661 2.679472 2.107023
v -13.648865 4.135193 2.116294
v -13.953110 2.983708 2.116294
vn -0.0075 0.0020 -1.0000
vn 0.9668 -0.2554 -0.0078
vn 0.0075 -0.0020 1.0000
vn -0.9668 0.2554 0.0078
vn -0.2555 -0.9668 -0.0000
vn 0.2555 0.9668 0.0000
usemtl None.272
s 1
f 457//343 458//343 459//343 460//343
f 460//344 459//344 461//344 462//344
f 462//345 461//345 463//345 464//345
f 464//346 463//346 458//346 457//346
f 460//347 462//347 464//347 457//347
f 461//348 459//348 458//348 463//348
o Cube.006_Cube.023_Cube.006_Cube.002
v -7.060713 1.162599 0.869764
v -6.756468 2.314083 0.869764
v -5.605019 2.009847 0.860493
v -5.909264 0.858363 0.860493
v -5.596055 2.007479 2.051457
v -5.900300 0.855995 2.051457
v -6.747504 2.311715 2.060728
v -7.051749 1.160231 2.060728
vn -0.0075 0.0020 -1.0000
vn 0.9668 -0.2554 -0.0078
vn 0.0075 -0.0020 1.0000
vn -0.9668 0.2554 0.0078
vn -0.2555 -0.9668 -0.0000
vn 0.2555 0.9668 -0.0000
usemtl None.063
s 1
f 465//349 466//349 467//349 468//349
f 468//350 467//350 469//350 470//350
f 470//351 469//351 471//351 472//351
f 472//352 471//352 466//352 465//352
f 468//353 470//353 472//353 465//353
f 469//354 467//354 466//354 471//354
o Cube.006_Cube.023_Cube.006_Cube.001
v -7.060713 1.162599 0.869764
v -6.756468 2.314083 0.869764
v -5.605019 2.009847 0.860493
v -5.909264 0.858363 0.860493
