# Blender v2.79 (sub 0) OBJ File: ''
# www.blender.org
mtllib fSlope11.mtl
o Cube.001_Cube.041
v -6.132888 0.497655 -3.504452
v -5.763042 1.629775 -3.504453
v -5.771828 1.632645 -2.313488
v -6.141674 0.500525 -2.313488
v -6.903914 2.002480 -2.322732
v -7.273760 0.870360 -2.322732
v -6.895128 1.999609 -3.513696
v -7.264973 0.867490 -3.513696
vn 0.9505 -0.3105 0.0078
vn -0.0074 0.0024 1.0000
vn -0.9505 0.3105 -0.0078
vn 0.0074 -0.0024 -1.0000
vn -0.3105 -0.9506 -0.0000
vn 0.3105 0.9506 0.0000
usemtl None.070
s 1
f 1//1 2//1 3//1 4//1
f 4//2 3//2 5//2 6//2
f 6//3 5//3 7//3 8//3
f 8//4 7//4 2//4 1//4
f 4//5 6//5 8//5 1//5
f 5//6 3//6 2//6 7//6
o Cube_Cube.041
v -4.332687 -0.090445 3.699483
v -3.962842 1.041674 3.699483
v -3.962841 1.041676 2.508483
v -4.332686 -0.090443 2.508483
v -2.830721 0.671831 2.508483
v -3.200567 -0.460289 2.508483
v -2.830722 0.671829 3.699483
v -3.200567 -0.460291 3.699483
vn -0.9506 0.3105 -0.0000
vn 0.0000 0.0000 -1.0000
vn 0.9506 -0.3105 0.0000
vn 0.0000 -0.0000 1.0000
vn -0.3105 -0.9506 -0.0000
vn 0.3105 0.9506 0.0000
usemtl None.068
s 1
f 9//7 10//7 11//7 12//7
f 12//8 11//8 13//8 14//8
f 14//9 13//9 15//9 16//9
f 16//10 15//10 10//10 9//10
f 12//11 14//11 16//11 9//11
f 13//12 11//12 10//12 15//12
o Cube.002_Cube.041
v -5.034039 0.138679 -3.495480
v -4.664194 1.270798 -3.495480
v -4.672980 1.273669 -2.304516
v -5.042826 0.141549 -2.304516
v -5.805066 1.643503 -2.313760
v -6.174911 0.511383 -2.313760
v -5.796279 1.640633 -3.504724
v -6.166125 0.508513 -3.504724
vn 0.9505 -0.3105 0.0078
vn -0.0074 0.0024 1.0000
vn -0.9505 0.3105 -0.0078
vn 0.0074 -0.0024 -1.0000
vn -0.3105 -0.9506 -0.0000
vn 0.3105 0.9506 0.0000
usemtl None.070
s 1
f 17//13 18//13 19//13 20//13
f 20//14 19//14 21//14 22//14
f 22//15 21//15 23//15 24//15
f 24//16 23//16 18//16 17//16
f 20//17 22//17 24//17 17//17
f 21//18 19//18 18//18 23//18
o Cube.001_Cube.040
v -5.452234 0.275294 2.410781
v -5.082388 1.407414 2.410781
v -5.082388 1.407415 1.219781
v -5.452234 0.275295 1.219781
v -3.950269 1.037570 1.219781
v -4.320114 -0.094550 1.219781
v -3.950269 1.037569 2.410781
v -4.320115 -0.094551 2.410781
vn -0.9506 0.3105 0.0000
vn 0.0000 0.0000 -1.0000
vn 0.9506 -0.3105 0.0000
vn 0.0000 -0.0000 1.0000
vn -0.3105 -0.9506 -0.0000
vn 0.3105 0.9506 0.0000
usemtl None.067
s 1
f 25//19 26//19 27//19 28//19
f 28//20 27//20 29//20 30//20
f 30//21 29//21 31//21 32//21
f 32//22 31//22 26//22 25//22
f 28//23 30//23 32//23 25//23
f 29//24 27//24 26//24 31//24
o Cube.002_Cube.040
v -6.551116 0.634282 0.124824
v -6.181270 1.766402 0.124824
v -6.181270 1.766403 -1.066176
v -6.551115 0.634283 -1.066176
v -5.049150 1.396557 -1.066176
v -5.418995 0.264437 -1.066176
v -5.049150 1.396556 0.124824
v -5.418996 0.264436 0.124824
vn -0.9506 0.3105 -0.0000
vn 0.0000 0.0000 -1.0000
vn 0.9506 -0.3105 -0.0000
vn -0.0000 -0.0000 1.0000
vn -0.3105 -0.9506 -0.0000
vn 0.3105 0.9506 0.0000
usemtl None.066
s 1
f 33//25 34//25 35//25 36//25
f 36//26 35//26 37//26 38//26
f 38//27 37//27 39//27 40//27
f 40//28 39//28 34//28 33//28
f 36//29 38//29 40//29 33//29
f 37//30 35//30 34//30 39//30
o Cube.002_Cube.039
v -6.551116 0.634282 1.268163
v -6.181270 1.766402 1.268163
v -6.181270 1.766402 0.077163
v -6.551115 0.634283 0.077163
v -5.049150 1.396557 0.077163
v -5.418995 0.264437 0.077163
v -5.049150 1.396556 1.268163
v -5.418996 0.264436 1.268163
vn -0.9506 0.3105 -0.0000
vn 0.0000 0.0000 -1.0000
vn 0.9506 -0.3105 0.0000
vn 0.0000 -0.0000 1.0000
vn -0.3105 -0.9506 -0.0000
vn 0.3105 0.9506 0.0000
usemtl None.065
s 1
f 41//31 42//31 43//31 44//31
f 44//32 43//32 45//32 46//32
f 46//33 45//33 47//33 48//33
f 48//34 47//34 42//34 41//34
f 44//35 46//35 48//35 41//35
f 45//36 43//36 42//36 47//36
o Cube.003_Cube.041
v -7.542488 0.958148 -1.038093
v -7.172643 2.090268 -1.038092
v -7.172642 2.090269 -2.229092
v -7.542488 0.958149 -2.229093
v -6.040523 1.720423 -2.229092
v -6.410368 0.588303 -2.229093
v -6.040523 1.720422 -1.038092
v -6.410369 0.588302 -1.038093
vn -0.9506 0.3105 0.0000
vn 0.0000 0.0000 -1.0000
vn 0.9506 -0.3105 0.0000
vn -0.0000 -0.0000 1.0000
vn -0.3105 -0.9506 -0.0000
vn 0.3105 0.9506 0.0000
usemtl None.069
s 1
f 49//37 50//37 51//37 52//37
f 52//38 51//38 53//38 54//38
f 54//39 53//39 55//39 56//39
f 56//40 55//40 50//40 49//40
f 52//41 54//41 56//41 49//41
f 53//42 51//42 50//42 55//42
o Cube.003_Cube.040
v -7.542488 0.958148 0.124824
v -7.172643 2.090268 0.124824
v -7.172643 2.090269 -1.066176
v -7.542488 0.958149 -1.066176
v -6.040523 1.720423 -1.066176
v -6.410368 0.588303 -1.066176
v -6.040523 1.720422 0.124824
v -6.410369 0.588302 0.124824
vn -0.9506 0.3105 0.0000
vn 0.0000 0.0000 -1.0000
vn 0.9506 -0.3105 0.0000
vn -0.0000 -0.0000 1.0000
vn -0.3105 -0.9506 -0.0000
vn 0.3105 0.9506 0.0000
usemtl None.066
s 1
f 57//43 58//43 59//43 60//43
f 60//44 59//44 61//44 62//44
f 62//45 61//45 63//45 64//45
f 64//46 63//46 58//46 57//46
f 60//47 62//47 64//47 57//47
f 61//48 59//48 58//48 63//48
o Cube.003_Cube.039
v -7.542488 0.958148 1.268163
v -7.172643 2.090267 1.268163
v -7.172643 2.090268 0.077163
v -7.542488 0.958149 0.077163
v -6.040523 1.720423 0.077163
v -6.410368 0.588303 0.077163
v -6.040523 1.720422 1.268163
v -6.410369 0.588302 1.268163
vn -0.9506 0.3105 0.0000
vn 0.0000 0.0000 -1.0000
vn 0.9506 -0.3105 0.0000
vn 0.0000 -0.0000 1.0000
vn -0.3105 -0.9506 -0.0000
vn 0.3105 0.9506 0.0000
usemtl None.065
s 1
f 65//49 66//49 67//49 68//49
f 68//50 67//50 69//50 70//50
f 70//51 69//51 71//51 72//51
f 72//52 71//52 66//52 65//52
f 68//53 70//53 72//53 65//53
f 69//54 67//54 66//54 71//54
o Cube.001_Cube.039
v -5.452234 0.275295 0.124824
v -5.082388 1.407414 0.124824
v -5.082388 1.407415 -1.066176
v -5.452234 0.275296 -1.066176
v -3.950268 1.037570 -1.066176
v -4.320114 -0.094550 -1.066176
v -3.950269 1.037569 0.124824
v -4.320114 -0.094551 0.124824
vn -0.9506 0.3105 -0.0000
vn 0.0000 0.0000 -1.0000
vn 0.9506 -0.3105 -0.0000
vn -0.0000 -0.0000 1.0000
vn -0.3105 -0.9506 -0.0000
vn 0.3105 0.9506 0.0000
usemtl None.066
s 1
f 73//55 74//55 75//55 76//55
f 76//56 75//56 77//56 78//56
f 78//57 77//57 79//57 80//57
f 80//58 79//58 74//58 73//58
f 76//59 78//59 80//59 73//59
f 77//60 75//60 74//60 79//60
o Cube.003_Cube.038
v -7.542489 0.958147 2.410781
v -7.172643 2.090267 2.410781
v -7.172643 2.090268 1.219781
v -7.542488 0.958149 1.219781
v -6.040523 1.720423 1.219781
v -6.410368 0.588303 1.219781
v -6.040524 1.720422 2.410781
v -6.410369 0.588302 2.410781
vn -0.9506 0.3105 0.0000
vn 0.0000 0.0000 -1.0000
vn 0.9506 -0.3105 0.0000
vn -0.0000 -0.0000 1.0000
vn -0.3105 -0.9506 -0.0000
vn 0.3105 0.9506 0.0000
usemtl None.067
s 1
f 81//61 82//61 83//61 84//61
f 84//62 83//62 85//62 86//62
f 86//63 85//63 87//63 88//63
f 88//64 87//64 82//64 81//64
f 84//65 86//65 88//65 81//65
f 85//66 83//66 82//66 87//66
o Cube.004_Cube.048
v -8.508065 1.273586 2.410781
v -8.138220 2.405706 2.410781
v -8.138219 2.405707 1.219781
v -8.508064 1.273587 1.219781
v -7.006099 2.035861 1.219781
v -7.375945 0.903741 1.219781
v -7.006100 2.035860 2.410781
v -7.375945 0.903740 2.410781
vn -0.9506 0.3105 -0.0000
vn 0.0000 0.0000 -1.0000
vn 0.9506 -0.3105 -0.0000
vn 0.0000 -0.0000 1.0000
vn -0.3105 -0.9506 -0.0000
vn 0.3105 0.9506 0.0000
usemtl None.067
s 1
f 89//67 90//67 91//67 92//67
f 92//68 91//68 93//68 94//68
f 94//69 93//69 95//69 96//69
f 96//70 95//70 90//70 89//70
f 92//71 94//71 96//71 89//71
f 93//72 91//72 90//72 95//72
o Cube.003_Cube.037
v -4.042696 -0.185178 -3.487386
v -3.672851 0.946942 -3.487386
v -3.681637 0.949812 -2.296422
v -4.051482 -0.182307 -2.296422
v -4.813723 1.319647 -2.305665
v -5.183568 0.187527 -2.305665
v -4.804936 1.316777 -3.496629
v -5.174782 0.184657 -3.496629
vn 0.9505 -0.3105 0.0078
vn -0.0074 0.0024 1.0000
vn -0.9505 0.3105 -0.0078
vn 0.0074 -0.0024 -1.0000
vn -0.3105 -0.9506 -0.0000
vn 0.3105 0.9506 0.0000
usemtl None.070
s 1
f 97//73 98//73 99//73 100//73
f 100//74 99//74 101//74 102//74
f 102//75 101//75 103//75 104//75
f 104//76 103//76 98//76 97//76
f 100//77 102//77 104//77 97//77
f 101//78 99//78 98//78 103//78
o Cube_Cube.040
v -4.332686 -0.090444 2.410781
v -3.962841 1.041676 2.410781
v -3.962841 1.041677 1.219781
v -4.332686 -0.090443 1.219781
v -2.830721 0.671831 1.219781
v -3.200567 -0.460289 1.219781
v -2.830721 0.671830 2.410781
v -3.200567 -0.460290 2.410781
vn -0.9506 0.3105 0.0000
vn 0.0000 0.0000 -1.0000
vn 0.9506 -0.3105 0.0000
vn -0.0000 -0.0000 1.0000
vn -0.3105 -0.9506 -0.0000
vn 0.3105 0.9506 0.0000
usemtl None.067
s 1
f 105//79 106//79 107//79 108//79
f 108//80 107//80 109//80 110//80
f 110//81 109//81 111//81 112//81
f 112//82 111//82 106//82 105//82
f 108//83 110//83 112//83 105//83
f 109//84 107//84 106//84 111//84
o Cube.004_Cube.047
v -3.077149 -0.500606 -3.479502
v -2.707303 0.631513 -3.479502
v -2.716090 0.634383 -2.288538
v -3.085935 -0.497736 -2.288538
v -3.848175 1.004218 -2.297781
v -4.218021 -0.127902 -2.297781
v -3.839389 1.001348 -3.488746
v -4.209235 -0.130772 -3.488745
vn 0.9505 -0.3105 0.0078
vn -0.0074 0.0024 1.0000
vn -0.9505 0.3105 -0.0078
vn 0.0074 -0.0024 -1.0000
vn -0.3105 -0.9506 -0.0000
vn 0.3105 0.9506 0.0000
usemtl None.070
s 1
f 113//85 114//85 115//85 116//85
f 116//86 115//86 117//86 118//86
f 118//87 117//87 119//87 120//87
f 120//88 119//88 114//88 113//88
f 116//89 118//89 120//89 113//89
f 117//90 115//90 114//90 119//90
o Cube.009_Cube.028
v -9.503380 1.598741 -1.079189
v -9.133533 2.730861 -1.079189
v -9.133533 2.730861 -2.270189
v -9.503380 1.598741 -2.270189
v -8.001414 2.361015 -2.270189
v -8.371260 1.228896 -2.270189
v -8.001414 2.361015 -1.079189
v -8.371260 1.228895 -1.079189
vn -0.9506 0.3105 0.0000
vn 0.0000 0.0000 -1.0000
vn 0.9506 -0.3105 -0.0000
vn -0.0000 -0.0000 1.0000
vn -0.3105 -0.9506 -0.0000
vn 0.3105 0.9506 0.0000
usemtl None.068
s 1
f 121//91 122//91 123//91 124//91
f 124//92 123//92 125//92 126//92
f 126//93 125//93 127//93 128//93
f 128//94 127//94 122//94 121//94
f 124//95 126//95 128//95 121//95
f 125//96 123//96 122//96 127//96
o Cube.004_Cube.046
v -8.508065 1.273586 0.124824
v -8.138220 2.405706 0.124824
v -8.138219 2.405707 -1.066176
v -8.508064 1.273587 -1.066176
v -7.006099 2.035861 -1.066176
v -7.375945 0.903742 -1.066176
v -7.006100 2.035861 0.124824
v -7.375945 0.903741 0.124824
vn -0.9506 0.3105 -0.0000
vn 0.0000 0.0000 -1.0000
vn 0.9506 -0.3105 -0.0000
vn -0.0000 -0.0000 1.0000
vn -0.3105 -0.9506 -0.0000
vn 0.3105 0.9506 0.0000
usemtl None.066
s 1
f 129//97 130//97 131//97 132//97
f 132//98 131//98 133//98 134//98
f 134//99 133//99 135//99 136//99
f 136//100 135//100 130//100 129//100
f 132//101 134//101 136//101 129//101
f 133//102 131//102 130//102 135//102
o Cube.002_Cube.038
v -6.551116 0.634282 2.410781
v -6.181270 1.766402 2.410781
v -6.181270 1.766402 1.219781
v -6.551116 0.634283 1.219781
v -5.049150 1.396557 1.219781
v -5.418995 0.264437 1.219781
v -5.049150 1.396556 2.410781
v -5.418996 0.264436 2.410781
vn -0.9506 0.3105 -0.0000
vn 0.0000 0.0000 -1.0000
vn 0.9506 -0.3105 0.0000
vn 0.0000 -0.0000 1.0000
vn -0.3105 -0.9506 -0.0000
vn 0.3105 0.9506 0.0000
usemtl None.067
s 1
f 137//103 138//103 139//103 140//103
f 140//104 139//104 141//104 142//104
f 142//105 141//105 143//105 144//105
f 144//106 143//106 138//106 137//106
f 140//107 142//107 144//107 137//107
f 141//108 139//108 138//108 143//108
o Cube.002_Cube.037
v -6.551116 0.634280 3.699483
v -6.181271 1.766400 3.699483
v -6.181270 1.766402 2.508483
v -6.551116 0.634282 2.508483
v -5.049150 1.396557 2.508483
v -5.418996 0.264437 2.508483
v -5.049150 1.396554 3.699483
v -5.418996 0.264435 3.699483
vn -0.9506 0.3105 -0.0000
vn 0.0000 0.0000 -1.0000
vn 0.9506 -0.3105 -0.0000
vn 0.0000 -0.0000 1.0000
vn -0.3105 -0.9506 -0.0000
vn 0.3105 0.9506 0.0000
usemtl None.068
s 1
f 145//109 146//109 147//109 148//109
f 148//110 147//110 149//110 150//110
f 150//111 149//111 151//111 152//111
f 152//112 151//112 146//112 145//112
f 148//113 150//113 152//113 145//113
f 149//114 147//114 146//114 151//114
o Cube.006_Cube.028
v -9.503380 1.598740 2.509362
v -9.133533 2.730860 2.509362
v -9.133533 2.730860 1.318362
v -9.503380 1.598741 1.318362
v -8.001414 2.361015 1.318362
v -8.371260 1.228895 1.318362
v -8.001414 2.361015 2.509362
v -8.371260 1.228895 2.509362
vn -0.9506 0.3105 0.0000
vn 0.0000 0.0000 -1.0000
vn 0.9506 -0.3105 -0.0000
vn 0.0000 -0.0000 1.0000
vn -0.3105 -0.9506 -0.0000
vn 0.3105 0.9506 0.0000
usemtl None.068
s 1
f 153//115 154//115 155//115 156//115
f 156//116 155//116 157//116 158//116
f 158//117 157//117 159//117 160//117
f 160//118 159//118 154//118 153//118
f 156//119 158//119 160//119 153//119
f 157//120 155//120 154//120 159//120
o Cube_Cube.039
v -7.252401 0.863382 -3.513593
v -6.882555 1.995502 -3.513594
v -6.891342 1.998373 -2.322629
v -7.261188 0.866253 -2.322629
v -8.023428 2.368207 -2.331873
v -8.393274 1.236087 -2.331873
v -8.014641 2.365336 -3.522837
v -8.384486 1.233217 -3.522837
vn 0.9505 -0.3105 0.0078
vn -0.0074 0.0024 1.0000
vn -0.9505 0.3105 -0.0078
vn 0.0074 -0.0024 -1.0000
vn -0.3105 -0.9506 -0.0000
vn 0.3105 0.9506 0.0000
usemtl None.070
s 1
f 161//121 162//121 163//121 164//121
f 164//122 163//122 165//122 166//122
f 166//123 165//123 167//123 168//123
f 168//124 167//124 162//124 161//124
f 164//125 166//125 168//125 161//125
f 165//126 163//126 162//126 167//126
o Cube.004_Cube.045
v -8.508065 1.273587 -1.038093
v -8.138220 2.405706 -1.038092
v -8.138219 2.405707 -2.229092
v -8.508064 1.273588 -2.229093
v -7.006099 2.035862 -2.229092
v -7.375945 0.903742 -2.229093
v -7.006100 2.035861 -1.038092
v -7.375945 0.903741 -1.038093
vn -0.9506 0.3105 -0.0000
vn 0.0000 0.0000 -1.0000
vn 0.9506 -0.3105 -0.0000
vn -0.0000 -0.0000 1.0000
vn -0.3105 -0.9506 -0.0000
vn 0.3105 0.9506 0.0000
usemtl None.069
s 1
f 169//127 170//127 171//127 172//127
f 172//128 171//128 173//128 174//128
f 174//129 173//129 175//129 176//129
f 176//130 175//130 170//130 169//130
f 172//131 174//131 176//131 169//131
f 173//132 171//132 170//132 175//132
o Cube_Cube.038
v -4.332686 -0.090444 0.124824
v -3.962841 1.041676 0.124824
v -3.962841 1.041677 -1.066176
v -4.332686 -0.090443 -1.066176
v -2.830721 0.671831 -1.066176
v -3.200567 -0.460288 -1.066176
v -2.830721 0.671830 0.124824
v -3.200567 -0.460289 0.124824
vn -0.9506 0.3105 0.0000
vn 0.0000 0.0000 -1.0000
vn 0.9506 -0.3105 -0.0000
vn -0.0000 -0.0000 1.0000
vn -0.3105 -0.9506 -0.0000
vn 0.3105 0.9506 0.0000
usemtl None.066
s 1
f 177//133 178//133 179//133 180//133
f 180//134 179//134 181//134 182//134
f 182//135 181//135 183//135 184//135
f 184//136 183//136 178//136 177//136
f 180//137 182//137 184//137 177//137
f 181//138 179//138 178//138 183//138
o Cube_Cube.037
v -4.332686 -0.090444 1.268163
v -3.962841 1.041676 1.268163
v -3.962841 1.041677 0.077163
v -4.332686 -0.090443 0.077163
v -2.830721 0.671831 0.077163
v -3.200567 -0.460288 0.077163
v -2.830721 0.671830 1.268163
v -3.200567 -0.460290 1.268163
vn -0.9506 0.3105 0.0000
vn 0.0000 0.0000 -1.0000
vn 0.9506 -0.3105 -0.0000
vn 0.0000 -0.0000 1.0000
vn -0.3105 -0.9506 -0.0000
vn 0.3105 0.9506 0.0000
usemtl None.065
s 1
f 185//139 186//139 187//139 188//139
f 188//140 187//140 189//140 190//140
f 190//141 189//141 191//141 192//141
f 192//142 191//142 186//142 185//142
f 188//143 190//143 192//143 185//143
f 189//144 187//144 186//144 191//144
o Cube.001_Cube.038
v -5.452234 0.275295 -1.038093
v -5.082388 1.407415 -1.038092
v -5.082388 1.407416 -2.229092
v -5.452234 0.275296 -2.229093
v -3.950268 1.037570 -2.229092
v -4.320114 -0.094550 -2.229093
v -3.950269 1.037569 -1.038092
v -4.320114 -0.094551 -1.038093
vn -0.9506 0.3105 -0.0000
vn 0.0000 0.0000 -1.0000
vn 0.9506 -0.3105 -0.0000
vn -0.0000 -0.0000 1.0000
vn -0.3105 -0.9506 -0.0000
vn 0.3105 0.9506 0.0000
usemtl None.069
s 1
f 193//145 194//145 195//145 196//145
f 196//146 195//146 197//146 198//146
f 198//147 197//147 199//147 200//147
f 200//148 199//148 194//148 193//148
f 196//149 198//149 200//149 193//149
f 197//150 195//150 194//150 199//150
o Cube.001_Cube.037
v -5.452234 0.275294 1.268163
v -5.082388 1.407414 1.268163
v -5.082388 1.407415 0.077163
v -5.452234 0.275296 0.077163
v -3.950268 1.037570 0.077163
v -4.320114 -0.094550 0.077163
v -3.950269 1.037569 1.268163
v -4.320115 -0.094551 1.268163
vn -0.9506 0.3105 0.0000
vn 0.0000 0.0000 -1.0000
vn 0.9506 -0.3105 0.0000
vn -0.0000 -0.0000 1.0000
vn -0.3105 -0.9506 -0.0000
vn 0.3105 0.9506 0.0000
usemtl None.065
s 1
f 201//151 202//151 203//151 204//151
f 204//152 203//152 205//152 206//152
f 206//153 205//153 207//153 208//153
f 208//154 207//154 202//154 201//154
f 204//155 206//155 208//155 201//155
f 205//156 203//156 202//156 207//156
o Cube_Cube.036
v -4.332686 -0.090444 -1.038093
v -3.962841 1.041676 -1.038092
v -3.962841 1.041677 -2.229092
v -4.332686 -0.090443 -2.229093
v -2.830721 0.671832 -2.229092
v -3.200566 -0.460288 -2.229093
v -2.830721 0.671831 -1.038092
v -3.200567 -0.460289 -1.038093
vn -0.9506 0.3105 -0.0000
vn 0.0000 0.0000 -1.0000
vn 0.9506 -0.3105 -0.0000
vn -0.0000 -0.0000 1.0000
vn -0.3105 -0.9506 -0.0000
vn 0.3105 0.9506 0.0000
usemtl None.069
s 1
f 209//157 210//157 211//157 212//157
f 212//158 211//158 213//158 214//158
f 214//159 213//159 215//159 216//159
f 216//160 215//160 210//160 209//160
f 212//161 214//161 216//161 209//161
f 213//162 211//162 210//162 215//162
o Cube.002_Cube.036
v -6.551116 0.634282 -1.038093
v -6.181270 1.766402 -1.038092
v -6.181270 1.766403 -2.229092
v -6.551115 0.634283 -2.229093
v -5.049150 1.396557 -2.229092
v -5.418995 0.264438 -2.229093
v -5.049150 1.396556 -1.038092
v -5.418996 0.264436 -1.038093
vn -0.9506 0.3105 -0.0000
vn 0.0000 0.0000 -1.0000
vn 0.9506 -0.3105 -0.0000
vn -0.0000 -0.0000 1.0000
vn -0.3105 -0.9506 -0.0000
vn 0.3105 0.9506 0.0000
usemtl None.069
s 1
f 217//163 218//163 219//163 220//163
f 220//164 219//164 221//164 222//164
f 222//165 221//165 223//165 224//165
f 224//166 223//166 218//166 217//166
f 220//167 222//167 224//167 217//167
f 221//168 219//168 218//168 223//168
o Cube.005_Cube.028
v -9.503380 1.598738 3.699483
v -9.133534 2.730858 3.699483
v -9.133533 2.730860 2.508483
v -9.503380 1.598740 2.508483
v -8.001414 2.361015 2.508483
v -8.371260 1.228895 2.508483
v -8.001415 2.361013 3.699483
v -8.371261 1.228893 3.699483
vn -0.9506 0.3105 0.0000
vn 0.0000 0.0000 -1.0000
vn 0.9506 -0.3105 0.0000
vn 0.0000 -0.0000 1.0000
vn -0.3105 -0.9506 -0.0000
vn 0.3105 0.9506 0.0000
usemtl None.068
s 1
f 225//169 226//169 227//169 228//169
f 228//170 227//170 229//170 230//170
f 230//171 229//171 231//171 232//171
f 232//172 231//172 226//172 225//172
f 228//173 230//173 232//173 225//173
f 229//174 227//174 226//174 231//174
o Cube.008_Cube.028
v -9.503380 1.598741 0.121498
v -9.133533 2.730860 0.121498
v -9.133533 2.730861 -1.069502
v -9.503380 1.598741 -1.069502
v -8.001414 2.361015 -1.069502
v -8.371260 1.228895 -1.069502
v -8.001414 2.361015 0.121498
v -8.371260 1.228895 0.121498
vn -0.9506 0.3105 0.0000
vn 0.0000 0.0000 -1.0000
vn 0.9506 -0.3105 -0.0000
vn -0.0000 -0.0000 1.0000
vn -0.3105 -0.9506 0.0000
vn 0.3105 0.9506 0.0000
usemtl None.068
s 1
f 233//175 234//175 235//175 236//175
f 236//176 235//176 237//176 238//176
f 238//177 237//177 239//177 240//177
f 240//178 239//178 234//178 233//178
f 236//179 238//179 240//179 233//179
f 237//180 235//180 234//180 239//180
o Cube.003_Cube.036
v -7.542489 0.958146 3.699483
v -7.172644 2.090266 3.699483
v -7.172643 2.090268 2.508483
v -7.542488 0.958148 2.508483
v -6.040523 1.720423 2.508483
v -6.410368 0.588303 2.508483
v -6.040524 1.720420 3.699483
v -6.410369 0.588301 3.699483
vn -0.9506 0.3105 -0.0000
vn 0.0000 0.0000 -1.0000
vn 0.9506 -0.3105 0.0000
vn 0.0000 -0.0000 1.0000
vn -0.3105 -0.9506 -0.0000
vn 0.3105 0.9506 0.0000
usemtl None.068
s 1
f 241//181 242//181 243//181 244//181
f 244//182 243//182 245//182 246//182
f 246//183 245//183 247//183 248//183
f 248//184 247//184 242//184 241//184
f 244//185 246//185 248//185 241//185
f 245//186 243//186 242//186 247//186
o Cube.004_Cube.044
v -8.508065 1.273586 1.268163
v -8.138220 2.405706 1.268163
v -8.138219 2.405707 0.077163
v -8.508064 1.273587 0.077163
v -7.006099 2.035861 0.077163
v -7.375945 0.903742 0.077163
v -7.006100 2.035860 1.268163
v -7.375945 0.903741 1.268163
vn -0.9506 0.3105 -0.0000
vn 0.0000 0.0000 -1.0000
vn 0.9506 -0.3105 -0.0000
vn 0.0000 -0.0000 1.0000
vn -0.3105 -0.9506 -0.0000
vn 0.3105 0.9506 0.0000
usemtl None.065
s 1
f 249//187 250//187 251//187 252//187
f 252//188 251//188 253//188 254//188
f 254//189 253//189 255//189 256//189
f 256//190 255//190 250//190 249//190
f 252//191 254//191 256//191 249//191
f 253//192 251//192 250//192 255//192
o Cube.007_Cube.028
v -9.503380 1.598741 1.299700
v -9.133533 2.730860 1.299700
v -9.133533 2.730860 0.108700
v -9.503380 1.598741 0.108700
v -8.001414 2.361015 0.108700
v -8.371260 1.228895 0.108700
v -8.001414 2.361015 1.299700
v -8.371260 1.228895 1.299700
vn -0.9506 0.3105 0.0000
vn 0.0000 0.0000 -1.0000
vn 0.9506 -0.3105 -0.0000
vn 0.0000 -0.0000 1.0000
vn -0.3105 -0.9506 -0.0000
vn 0.3105 0.9506 0.0000
usemtl None.068
s 1
f 257//193 258//193 259//193 260//193
f 260//194 259//194 261//194 262//194
f 262//195 261//195 263//195 264//195
f 264//196 263//196 258//196 257//196
f 260//197 262//197 264//197 257//197
f 261//198 259//198 258//198 263//198
o Cube.004_Cube.043
v -8.508066 1.273585 3.699483
v -8.138220 2.405705 3.699483
v -8.138220 2.405707 2.508483
v -8.508065 1.273587 2.508483
v -7.006099 2.035861 2.508483
v -7.375945 0.903741 2.508483
v -7.006100 2.035859 3.699483
v -7.375946 0.903739 3.699483
vn -0.9506 0.3105 0.0000
vn 0.0000 0.0000 -1.0000
vn 0.9506 -0.3105 0.0000
vn 0.0000 -0.0000 1.0000
vn -0.3105 -0.9506 -0.0000
vn 0.3105 0.9506 0.0000
usemtl None.068
s 1
f 265//199 266//199 267//199 268//199
f 268//200 267//200 269//200 270//200
f 270//201 269//201 271//201 272//201
f 272//202 271//202 266//202 265//202
f 268//203 270//203 272//203 265//203
f 269//204 267//204 266//204 271//204
o Cube.001_Cube.036
v -5.452235 0.275293 3.699483
v -5.082389 1.407413 3.699483
v -5.082388 1.407415 2.508483
v -5.452234 0.275295 2.508483
v -3.950269 1.037569 2.508483
v -4.320114 -0.094550 2.508483
v -3.950269 1.037567 3.699483
v -4.320115 -0.094552 3.699483
vn -0.9506 0.3105 -0.0000
vn 0.0000 0.0000 -1.0000
vn 0.9506 -0.3105 0.0000
vn 0.0000 -0.0000 1.0000
vn -0.3105 -0.9506 -0.0000
vn 0.3105 0.9506 0.0000
usemtl None.068
s 1
f 273//205 274//205 275//205 276//205
f 276//206 275//206 277//206 278//206
f 278//207 277//207 279//207 280//207
f 280//208 279//208 274//208 273//208
f 276//209 278//209 280//209 273//209
f 277//210 275//210 274//210 279//210
o Cube.010_Cube.027
v -9.513050 1.601901 -2.275924
v -9.143205 2.734020 -2.275924
v -9.143204 2.734022 -3.466924
v -9.513050 1.601903 -3.466924
v -8.011085 2.364177 -3.466924
v -8.380930 1.232057 -3.466924
v -8.011086 2.364174 -2.275924
v -8.380931 1.232055 -2.275924
vn -0.9506 0.3105 0.0000
vn 0.0000 0.0000 -1.0000
vn 0.9506 -0.3105 0.0000
vn -0.0000 -0.0000 1.0000
vn -0.3105 -0.9506 -0.0000
vn 0.3105 0.9506 0.0000
usemtl None.068
s 1
f 281//211 282//211 283//211 284//211
f 284//212 283//212 285//212 286//212
f 286//213 285//213 287//213 288//213
f 288//214 287//214 282//214 281//214
f 284//215 286//215 288//215 281//215
f 285//216 283//216 282//216 287//216
o Cube.001_Cube.005_Cube.001_Cube.047
v -5.452235 0.275293 -36.919579
v -5.082389 1.407413 -36.919579
v -5.082388 1.407415 -38.110577
v -5.452234 0.275295 -38.110577
v -3.950269 1.037569 -38.110577
v -4.320114 -0.094550 -38.110577
v -3.950269 1.037567 -36.919579
v -4.320115 -0.094552 -36.919579
vn -0.9506 0.3105 -0.0000
vn 0.0000 0.0000 -1.0000
vn 0.9506 -0.3105 0.0000
vn 0.0000 0.0000 1.0000
vn -0.3105 -0.9506 -0.0000
vn 0.3105 0.9506 0.0000
usemtl None.076
s 1
f 289//217 290//217 291//217 292//217
f 292//218 291//218 293//218 294//218
f 294//219 293//219 295//219 296//219
f 296//220 295//220 290//220 289//220
f 292//221 294//221 296//221 289//221
f 293//222 291//222 290//222 295//222
o Cube.001_Cube.004_Cube.001_Cube.046
v -5.452234 0.275294 -39.350899
v -5.082388 1.407414 -39.350899
v -5.082388 1.407415 -40.541897
v -5.452234 0.275296 -40.541897
v -3.950268 1.037570 -40.541897
v -4.320114 -0.094550 -40.541897
v -3.950269 1.037569 -39.350899
v -4.320115 -0.094551 -39.350899
vn -0.9506 0.3105 0.0000
vn 0.0000 0.0000 -1.0000
vn 0.9506 -0.3105 0.0000
vn 0.0000 0.0000 1.0000
vn -0.3105 -0.9506 -0.0000
vn 0.3105 0.9506 0.0000
usemtl None.075
s 1
f 297//223 298//223 299//223 300//223
f 300//224 299//224 301//224 302//224
f 302//225 301//225 303//225 304//225
f 304//226 303//226 298//226 297//226
f 300//227 302//227 304//227 297//227
f 301//228 299//228 298//228 303//228
o Cube.001_Cube.003_Cube.001_Cube.045
v -5.452234 0.275295 -41.657154
v -5.082388 1.407415 -41.657154
v -5.082388 1.407416 -42.848152
v -5.452234 0.275296 -42.848152
v -3.950268 1.037570 -42.848152
v -4.320114 -0.094550 -42.848152
v -3.950269 1.037569 -41.657154
v -4.320114 -0.094551 -41.657154
vn -0.9506 0.3105 -0.0000
vn 0.0000 0.0000 -1.0000
vn 0.9506 -0.3105 -0.0000
vn 0.0000 0.0000 1.0000
vn -0.3105 -0.9506 -0.0000
vn 0.3105 0.9506 0.0000
usemtl None.074
s 1
f 305//229 306//229 307//229 308//229
f 308//230 307//230 309//230 310//230
f 310//231 309//231 311//231 312//231
f 312//232 311//232 306//232 305//232
f 308//233 310//233 312//233 305//233
f 309//234 307//234 306//234 311//234
o Cube.001_Cube.002_Cube.001_Cube.044
v -5.452234 0.275295 -40.494236
v -5.082388 1.407414 -40.494236
v -5.082388 1.407415 -41.685238
v -5.452234 0.275296 -41.685238
v -3.950268 1.037570 -41.685238
v -4.320114 -0.094550 -41.685238
v -3.950269 1.037569 -40.494236
v -4.320114 -0.094551 -40.494236
vn -0.9506 0.3105 -0.0000
vn 0.0000 0.0000 -1.0000
vn 0.9506 -0.3105 -0.0000
vn -0.0000 0.0000 1.0000
vn -0.3105 -0.9506 -0.0000
vn 0.3105 0.9506 0.0000
usemtl None.073
s 1
f 313//235 314//235 315//235 316//235
f 316//236 315//236 317//236 318//236
f 318//237 317//237 319//237 320//237
f 320//238 319//238 314//238 313//238
f 316//239 318//239 320//239 313//239
f 317//240 315//240 314//240 319//240
o Cube.001_Cube.001_Cube.001_Cube.043
v -5.452234 0.275294 -38.208279
v -5.082388 1.407414 -38.208279
v -5.082388 1.407415 -39.399281
v -5.452234 0.275295 -39.399281
v -3.950269 1.037570 -39.399281
v -4.320114 -0.094550 -39.399281
v -3.950269 1.037569 -38.208279
v -4.320115 -0.094551 -38.208279
vn -0.9506 0.3105 0.0000
vn 0.0000 0.0000 -1.0000
vn 0.9506 -0.3105 0.0000
vn 0.0000 0.0000 1.0000
vn -0.3105 -0.9506 -0.0000
vn 0.3105 0.9506 0.0000
usemtl None.072
s 1
f 321//241 322//241 323//241 324//241
f 324//242 323//242 325//242 326//242
f 326//243 325//243 327//243 328//243
f 328//244 327//244 322//244 321//244
f 324//245 326//245 328//245 321//245
f 325//246 323//246 322//246 327//246
o Cube.001_Cube.000_Cube.001_Cube.042
v -6.132888 0.497655 -44.123512
v -5.763042 1.629775 -44.123512
v -5.771828 1.632645 -42.932549
v -6.141674 0.500525 -42.932549
v -6.903914 2.002480 -42.941792
v -7.273760 0.870360 -42.941792
v -6.895128 1.999609 -44.132755
v -7.264973 0.867490 -44.132755
vn 0.9505 -0.3105 0.0078
vn -0.0074 0.0024 1.0000
vn -0.9505 0.3105 -0.0078
vn 0.0074 -0.0024 -1.0000
vn -0.3105 -0.9506 -0.0000
vn 0.3105 0.9506 0.0000
usemtl None.071
s 1
f 329//247 330//247 331//247 332//247
f 332//248 331//248 333//248 334//248
f 334//249 333//249 335//249 336//249
f 336//250 335//250 330//250 329//250
f 332//251 334//251 336//251 329//251
f 333//252 331//252 330//252 335//252
o Cube.002_Cube.005_Cube.002_Cube.047
v -6.551116 0.634282 -41.657154
v -6.181270 1.766402 -41.657154
v -6.181270 1.766403 -42.848152
v -6.551115 0.634283 -42.848152
v -5.049150 1.396557 -42.848152
v -5.418995 0.264438 -42.848152
v -5.049150 1.396556 -41.657154
v -5.418996 0.264436 -41.657154
vn -0.9506 0.3105 -0.0000
vn -0.0000 0.0000 -1.0000
vn 0.9506 -0.3105 -0.0000
vn 0.0000 0.0000 1.0000
vn -0.3105 -0.9506 -0.0000
vn 0.3105 0.9506 0.0000
usemtl None.074
s 1
f 337//253 338//253 339//253 340//253
f 340//254 339//254 341//254 342//254
f 342//255 341//255 343//255 344//255
f 344//256 343//256 338//256 337//256
f 340//257 342//257 344//257 337//257
f 341//258 339//258 338//258 343//258
o Cube.002_Cube.004_Cube.002_Cube.046
v -6.551116 0.634280 -36.919579
v -6.181271 1.766400 -36.919579
v -6.181270 1.766402 -38.110577
v -6.551116 0.634282 -38.110577
v -5.049150 1.396557 -38.110577
v -5.418996 0.264437 -38.110577
v -5.049150 1.396554 -36.919579
v -5.418996 0.264435 -36.919579
vn -0.9506 0.3105 -0.0000
vn 0.0000 0.0000 -1.0000
vn 0.9506 -0.3105 -0.0000
vn 0.0000 0.0000 1.0000
vn -0.3105 -0.9506 -0.0000
vn 0.3105 0.9506 0.0000
usemtl None.076
s 1
f 345//259 346//259 347//259 348//259
f 348//260 347//260 349//260 350//260
f 350//261 349//261 351//261 352//261
f 352//262 351//262 346//262 345//262
f 348//263 350//263 352//263 345//263
f 349//264 347//264 346//264 351//264
o Cube.002_Cube.003_Cube.002_Cube.045
v -6.551116 0.634282 -38.208279
v -6.181270 1.766402 -38.208279
v -6.181270 1.766402 -39.399281
v -6.551116 0.634283 -39.399281
v -5.049150 1.396557 -39.399281
v -5.418995 0.264437 -39.399281
v -5.049150 1.396556 -38.208279
v -5.418996 0.264436 -38.208279
vn -0.9506 0.3105 -0.0000
vn 0.0000 0.0000 -1.0000
vn 0.9506 -0.3105 0.0000
vn 0.0000 0.0000 1.0000
vn -0.3105 -0.9506 -0.0000
vn 0.3105 0.9506 0.0000
usemtl None.072
s 1
f 353//265 354//265 355//265 356//265
f 356//266 355//266 357//266 358//266
f 358//267 357//267 359//267 360//267
f 360//268 359//268 354//268 353//268
f 356//269 358//269 360//269 353//269
f 357//270 355//270 354//270 359//270
o Cube.002_Cube.002_Cube.002_Cube.044
v -6.551116 0.634282 -39.350899
v -6.181270 1.766402 -39.350899
v -6.181270 1.766402 -40.541897
v -6.551115 0.634283 -40.541897
v -5.049150 1.396557 -40.541897
v -5.418995 0.264437 -40.541897
v -5.049150 1.396556 -39.350899
v -5.418996 0.264436 -39.350899
vn -0.9506 0.3105 -0.0000
vn 0.0000 0.0000 -1.0000
vn 0.9506 -0.3105 0.0000
vn 0.0000 0.0000 1.0000
vn -0.3105 -0.9506 -0.0000
vn 0.3105 0.9506 0.0000
usemtl None.075
s 1
f 361//271 362//271 363//271 364//271
f 364//272 363//272 365//272 366//272
f 366//273 365//273 367//273 368//273
f 368//274 367//274 362//274 361//274
f 364//275 366//275 368//275 361//275
f 365//276 363//276 362//276 367//276
o Cube.002_Cube.001_Cube.002_Cube.043
v -6.551116 0.634282 -40.494236
v -6.181270 1.766402 -40.494236
v -6.181270 1.766403 -41.685238
v -6.551115 0.634283 -41.685238
v -5.049150 1.396557 -41.685238
v -5.418995 0.264437 -41.685238
v -5.049150 1.396556 -40.494236
v -5.418996 0.264436 -40.494236
vn -0.9506 0.3105 -0.0000
vn 0.0000 0.0000 -1.0000
vn 0.9506 -0.3105 -0.0000
vn 0.0000 0.0000 1.0000
vn -0.3105 -0.9506 -0.0000
vn 0.3105 0.9506 0.0000
usemtl None.073
s 1
f 369//277 370//277 371//277 372//277
f 372//278 371//278 373//278 374//278
f 374//279 373//279 375//279 376//279
f 376//280 375//280 370//280 369//280
f 372//281 374//281 376//281 369//281
f 373//282 371//282 370//282 375//282
o Cube.002_Cube.000_Cube.002_Cube.042
v -5.034039 0.138679 -44.114540
v -4.664194 1.270798 -44.114540
v -4.672980 1.273669 -42.923576
v -5.042826 0.141549 -42.923576
v -5.805066 1.643503 -42.932819
v -6.174911 0.511383 -42.932819
v -5.796279 1.640633 -44.123783
v -6.166125 0.508513 -44.123783
vn 0.9505 -0.3105 0.0078
vn -0.0074 0.0024 1.0000
vn -0.9505 0.3105 -0.0078
vn 0.0074 -0.0024 -1.0000
vn -0.3105 -0.9506 -0.0000
vn 0.3105 0.9506 0.0000
usemtl None.071
s 1
f 377//283 378//283 379//283 380//283
f 380//284 379//284 381//284 382//284
f 382//285 381//285 383//285 384//285
f 384//286 383//286 378//286 377//286
f 380//287 382//287 384//287 377//287
f 381//288 379//288 378//288 383//288
o Cube.003_Cube.005_Cube.003_Cube.047
v -7.542489 0.958146 -36.919579
v -7.172644 2.090266 -36.919579
v -7.172643 2.090268 -38.110577
v -7.542488 0.958148 -38.110577
v -6.040523 1.720423 -38.110577
v -6.410368 0.588303 -38.110577
v -6.040524 1.720420 -36.919579
v -6.410369 0.588301 -36.919579
vn -0.9506 0.3105 -0.0000
vn 0.0000 0.0000 -1.0000
vn 0.9506 -0.3105 0.0000
vn 0.0000 0.0000 1.0000
vn -0.3105 -0.9506 -0.0000
vn 0.3105 0.9506 0.0000
usemtl None.076
s 1
f 385//289 386//289 387//289 388//289
f 388//290 387//290 389//290 390//290
f 390//291 389//291 391//291 392//291
f 392//292 391//292 386//292 385//292
f 388//293 390//293 392//293 385//293
f 389//294 387//294 386//294 391//294
o Cube.003_Cube.004_Cube.003_Cube.046
v -4.042696 -0.185178 -44.106445
v -3.672851 0.946942 -44.106445
v -3.681637 0.949812 -42.915482
v -4.051482 -0.182307 -42.915482
v -4.813723 1.319647 -42.924725
v -5.183568 0.187527 -42.924725
v -4.804936 1.316777 -44.115688
v -5.174782 0.184657 -44.115688
vn 0.9505 -0.3105 0.0078
vn -0.0074 0.0024 1.0000
vn -0.9505 0.3105 -0.0078
vn 0.0074 -0.0024 -1.0000
vn -0.3105 -0.9506 -0.0000
vn 0.3105 0.9506 0.0000
usemtl None.071
s 1
f 393//295 394//295 395//295 396//295
f 396//296 395//296 397//296 398//296
f 398//297 397//297 399//297 400//297
f 400//298 399//298 394//298 393//298
f 396//299 398//299 400//299 393//299
f 397//300 395//300 394//300 399//300
o Cube.003_Cube.003_Cube.003_Cube.045
v -7.542489 0.958147 -38.208279
v -7.172643 2.090267 -38.208279
v -7.172643 2.090268 -39.399281
v -7.542488 0.958149 -39.399281
v -6.040523 1.720423 -39.399281
v -6.410368 0.588303 -39.399281
v -6.040524 1.720422 -38.208279
v -6.410369 0.588302 -38.208279
vn -0.9506 0.3105 0.0000
vn 0.0000 0.0000 -1.0000
vn 0.9506 -0.3105 0.0000
vn 0.0000 0.0000 1.0000
vn -0.3105 -0.9506 -0.0000
vn 0.3105 0.9506 0.0000
usemtl None.072
s 1
f 401//301 402//301 403//301 404//301
f 404//302 403//302 405//302 406//302
f 406//303 405//303 407//303 408//303
f 408//304 407//304 402//304 401//304
f 404//305 406//305 408//305 401//305
f 405//306 403//306 402//306 407//306
o Cube.003_Cube.002_Cube.003_Cube.044
v -7.542488 0.958148 -39.350899
v -7.172643 2.090267 -39.350899
v -7.172643 2.090268 -40.541897
v -7.542488 0.958149 -40.541897
v -6.040523 1.720423 -40.541897
v -6.410368 0.588303 -40.541897
v -6.040523 1.720422 -39.350899
v -6.410369 0.588302 -39.350899
vn -0.9506 0.3105 0.0000
vn 0.0000 0.0000 -1.0000
vn 0.9506 -0.3105 0.0000
vn -0.0000 0.0000 1.0000
vn -0.3105 -0.9506 -0.0000
vn 0.3105 0.9506 0.0000
usemtl None.075
s 1
f 409//307 410//307 411//307 412//307
f 412//308 411//308 413//308 414//308
f 414//309 413//309 415//309 416//309
f 416//310 415//310 410//310 409//310
f 412//311 414//311 416//311 409//311
f 413//312 411//312 410//312 415//312
o Cube.003_Cube.001_Cube.003_Cube.043
v -7.542488 0.958148 -40.494236
v -7.172643 2.090268 -40.494236
v -7.172643 2.090269 -41.685238
v -7.542488 0.958149 -41.685238
v -6.040523 1.720423 -41.685238
v -6.410368 0.588303 -41.685238
v -6.040523 1.720422 -40.494236
v -6.410369 0.588302 -40.494236
vn -0.9506 0.3105 0.0000
vn 0.0000 0.0000 -1.0000
vn 0.9506 -0.3105 0.0000
vn -0.0000 0.0000 1.0000
vn -0.3105 -0.9506 -0.0000
vn 0.3105 0.9506 0.0000
usemtl None.073
s 1
f 417//313 418//313 419//313 420//313
f 420//314 419//314 421//314 422//314
f 422//315 421//315 423//315 424//315
f 424//316 423//316 418//316 417//316
f 420//317 422//317 424//317 417//317
f 421//318 419//318 418//318 423//318
o Cube.003_Cube.000_Cube.003_Cube.042
v -7.542488 0.958148 -41.657154
v -7.172643 2.090268 -41.657154
v -7.172642 2.090269 -42.848152
v -7.542488 0.958149 -42.848152
v -6.040523 1.720423 -42.848152
v -6.410368 0.588303 -42.848152
v -6.040523 1.720422 -41.657154
v -6.410369 0.588302 -41.657154
vn -0.9506 0.3105 0.0000
vn -0.0000 0.0000 -1.0000
vn 0.9506 -0.3105 0.0000
vn 0.0000 0.0000 1.0000
vn -0.3105 -0.9506 -0.0000
vn 0.3105 0.9506 0.0000
usemtl None.074
s 1
f 425//319 426//319 427//319 428//319
f 428//320 427//320 429//320 430//320
f 430//321 429//321 431//321 432//321
f 432//322 431//322 426//322 425//322
f 428//323 430//323 432//323 425//323
f 429//324 427//324 426//324 431//324
o Cube.004_Cube.005_Cube.004_Cube.054
v -8.508066 1.273585 -36.919579
v -8.138220 2.405705 -36.919579
v -8.138220 2.405707 -38.110577
v -8.508065 1.273587 -38.110577
v -7.006099 2.035861 -38.110577
v -7.375945 0.903741 -38.110577
v -7.006100 2.035859 -36.919579
v -7.375946 0.903739 -36.919579
vn -0.9506 0.3105 0.0000
vn 0.0000 0.0000 -1.0000
vn 0.9506 -0.3105 0.0000
vn 0.0000 0.0000 1.0000
vn -0.3105 -0.9506 -0.0000
vn 0.3105 0.9506 0.0000
usemtl None.076
s 1
f 433//325 434//325 435//325 436//325
f 436//326 435//326 437//326 438//326
f 438//327 437//327 439//327 440//327
f 440//328 439//328 434//328 433//328
f 436//329 438//329 440//329 433//329
f 437//330 435//330 434//330 439//330
o Cube.004_Cube.004_Cube.004_Cube.053
v -8.508065 1.273586 -39.350899
v -8.138220 2.405706 -39.350899
v -8.138219 2.405707 -40.541897
v -8.508064 1.273587 -40.541897
v -7.006099 2.035861 -40.541897
v -7.375945 0.903742 -40.541897
v -7.006100 2.035860 -39.350899
v -7.375945 0.903741 -39.350899
vn -0.9506 0.3105 -0.0000
vn 0.0000 0.0000 -1.0000
vn 0.9506 -0.3105 -0.0000
vn 0.0000 0.0000 1.0000
vn -0.3105 -0.9506 -0.0000
vn 0.3105 0.9506 0.0000
usemtl None.075
s 1
f 441//331 442//331 443//331 444//331
f 444//332 443//332 445//332 446//332
f 446//333 445//333 447//333 448//333
f 448//334 447//334 442//334 441//334
f 444//335 446//335 448//335 441//335
f 445//336 443//336 442//336 447//336
o Cube.004_Cube.003_Cube.004_Cube.052
v -8.508065 1.273587 -41.657154
v -8.138220 2.405706 -41.657154
v -8.138219 2.405707 -42.848152
v -8.508064 1.273588 -42.848152
v -7.006099 2.035862 -42.848152
v -7.375945 0.903742 -42.848152
v -7.006100 2.035861 -41.657154
v -7.375945 0.903741 -41.657154
vn -0.9506 0.3105 -0.0000
vn 0.0000 0.0000 -1.0000
vn 0.9506 -0.3105 -0.0000
vn 0.0000 0.0000 1.0000
vn -0.3105 -0.9506 -0.0000
vn 0.3105 0.9506 0.0000
usemtl None.074
s 1
f 449//337 450//337 451//337 452//337
f 452//338 451//338 453//338 454//338
f 454//339 453//339 455//339 456//339
f 456//340 455//340 450//340 449//340
f 452//341 454//341 456//341 449//341
f 453//342 451//342 450//342 455//342
o Cube.004_Cube.002_Cube.004_Cube.051
v -8.508065 1.273586 -40.494236
v -8.138220 2.405706 -40.494236
v -8.138219 2.405707 -41.685238
v -8.508064 1.273587 -41.685238
v -7.006099 2.035861 -41.685238
v -7.375945 0.903742 -41.685238
v -7.006100 2.035861 -40.494236
v -7.375945 0.903741 -40.494236
vn -0.9506 0.3105 -0.0000
vn 0.0000 0.0000 -1.0000
vn 0.9506 -0.3105 -0.0000
vn 0.0000 0.0000 1.0000
vn -0.3105 -0.9506 -0.0000
vn 0.3105 0.9506 0.0000
usemtl None.073
s 1
f 457//343 458//343 459//343 460//343
f 460//344 459//344 461//344 462//344
f 462//345 461//345 463//345 464//345
f 464//346 463//346 458//346 457//346
f 460//347 462//347 464//347 457//347
f 461//348 459//348 458//348 463//348
o Cube.004_Cube.001_Cube.004_Cube.050
v -3.077149 -0.500606 -44.098564
v -2.707303 0.631513 -44.098564
v -2.716090 0.634383 -42.907597
v -3.085935 -0.497736 -42.907600
v -3.848175 1.004218 -42.916840
v -4.218021 -0.127902 -42.916840
v -3.839389 1.001348 -44.107807
v -4.209235 -0.130772 -44.107807
vn 0.9505 -0.3105 0.0078
vn -0.0074 0.0024 1.0000
vn -0.9505 0.3105 -0.0078
vn 0.0074 -0.0024 -1.0000
vn -0.3105 -0.9506 -0.0000
vn 0.3105 0.9506 0.0000
usemtl None.071
s 1
f 465//349 466//349 467//349 468//349
f 468//350 467//350 469//350 470//350
f 470//351 469//351 471//351 472//351
f 472//352 471//352 466//352 465//352
f 468//353 470//353 472//353 465//353
f 469//354 467//354 466//354 471//354
o Cube.004_Cube.000_Cube.004_Cube.049
v -8.508065 1.273586 -38.208279
v -8.138220 2.405706 -38.208279
v -8.138219 2.405707 -39.399281
v -8.508064 1.273587 -39.399281
v -7.006099 2.035861 -39.399281
v -7.375945 0.903741 -39.399281
v -7.006100 2.035860 -38.208279
v -7.375945 0.903740 -38.208279
vn -0.9506 0.3105 -0.0000
vn -0.0000 0.0000 -1.0000
vn 0.9506 -0.3105 -0.0000
vn -0.0000 0.0000 1.0000
vn -0.3105 -0.9506 -0.0000
vn 0.3105 0.9506 0.0000
usemtl None.072
s 1
f 473//355 474//355 475//355 476//355
f 476//356 475//356 477//356 478//356
f 478//357 477//357 479//357 480//357
f 480//358 479//358 474//358 473//358
f 476//359 478//359 480//359 473//359
f 477//360 475//360 474//360 479//360
o Cube.005_Cube.000_Cube.005_Cube.029
v -9.503380 1.598738 -36.919579
v -9.133534 2.730858 -36.919579
