# Blender v2.79 (sub 0) OBJ File: ''
# www.blender.org
mtllib bin31.mtl
o Cube_Cube.004_Cube_Cube.007_Cube_Cube.004_Cube_Cube.020
v 17.561434 1.046348 -1.303363
v 17.561434 2.376915 -1.303363
v 16.414993 2.376918 -1.229675
v 16.414989 1.046351 -1.229675
v 16.331751 2.376918 -2.524783
v 16.331747 1.046351 -2.524782
v 17.478191 2.376915 -2.598471
v 17.478191 1.046348 -2.598471
vn 0.0641 0.0000 0.9979
vn -0.9979 0.0000 0.0641
vn -0.0641 0.0000 -0.9979
vn 0.9979 0.0000 -0.0641
vn -0.0000 -1.0000 0.0000
vn 0.0000 1.0000 -0.0000
usemtl None.2908
s 1
f 1//1 2//1 3//1 4//1
f 4//2 3//2 5//2 6//2
f 6//3 5//3 7//3 8//3
f 8//4 7//4 2//4 1//4
f 4//5 6//5 8//5 1//5
f 5//6 3//6 2//6 7//6
o Cube_Cube.004_Cube_Cube.011_Cube_Cube.004_Cube_Cube.024
v -15.802845 1.046354 0.212953
v -15.802845 2.376921 0.212953
v -16.949287 2.376924 0.286641
v -16.949289 1.046357 0.286641
v -17.032530 2.376924 -1.008466
v -17.032534 1.046357 -1.008466
v -15.886088 2.376921 -1.082154
v -15.886088 1.046354 -1.082154
vn 0.0641 0.0000 0.9979
vn -0.9979 0.0000 0.0641
vn -0.0641 0.0000 -0.9979
vn 0.9979 0.0000 -0.0641
vn -0.0000 -1.0000 0.0000
vn 0.0000 1.0000 -0.0000
usemtl None.2912
s 1
f 9//7 10//7 11//7 12//7
f 12//8 11//8 13//8 14//8
f 14//9 13//9 15//9 16//9
f 16//10 15//10 10//10 9//10
f 12//11 14//11 16//11 9//11
f 13//12 11//12 10//12 15//12
o Cube_Cube.004_Cube_Cube.006_Cube_Cube.004_Cube_Cube.019
v 0.719086 1.046351 13.948076
v 0.719087 2.376918 13.948076
v -0.427355 2.376921 14.021765
v -0.427359 1.046354 14.021765
v -0.510598 2.376921 12.726656
v -0.510603 1.046354 12.726656
v 0.635843 2.376918 12.652967
v 0.635843 1.046351 12.652967
vn 0.0641 -0.0000 0.9979
vn -0.9979 0.0000 0.0641
vn -0.0641 0.0000 -0.9979
vn 0.9979 -0.0000 -0.0641
vn -0.0000 -1.0000 0.0000
vn 0.0000 1.0000 -0.0000
usemtl None.2907
s 1
f 17//13 18//13 19//13 20//13
f 20//14 19//14 21//14 22//14
f 22//15 21//15 23//15 24//15
f 24//16 23//16 18//16 17//16
f 20//17 22//17 24//17 17//17
f 21//18 19//18 18//18 23//18
o Cube_Cube.004_Cube_Cube.010_Cube_Cube.004_Cube_Cube.023
v -17.586983 1.046354 0.327629
v -17.586983 2.376921 0.327629
v -18.733423 2.376924 0.401318
v -18.733427 1.046357 0.401318
v -18.816666 2.376924 -0.893790
v -18.816671 1.046357 -0.893790
v -17.670225 2.376921 -0.967478
v -17.670227 1.046354 -0.967478
vn 0.0641 -0.0000 0.9979
vn -0.9979 0.0000 0.0641
vn -0.0641 0.0000 -0.9979
vn 0.9979 0.0000 -0.0641
vn -0.0000 -1.0000 0.0000
vn 0.0000 1.0000 -0.0000
usemtl None.2911
s 1
f 25//19 26//19 27//19 28//19
f 28//20 27//20 29//20 30//20
f 30//21 29//21 31//21 32//21
f 32//22 31//22 26//22 25//22
f 28//23 30//23 32//23 25//23
f 29//24 27//24 26//24 31//24
o Cube_Cube.004_Cube_Cube.009_Cube_Cube.004_Cube_Cube.022
v 17.653934 1.046348 0.135772
v 17.653936 2.376915 0.135772
v 16.507496 2.376918 0.209460
v 16.507490 1.046351 0.209460
v 16.424252 2.376918 -1.085648
v 16.424248 1.046351 -1.085648
v 17.570692 2.376915 -1.159336
v 17.570692 1.046348 -1.159336
vn 0.0641 -0.0000 0.9979
vn -0.9979 0.0000 0.0641
vn -0.0641 -0.0000 -0.9979
vn 0.9979 -0.0000 -0.0641
vn -0.0000 -1.0000 0.0000
vn 0.0000 1.0000 -0.0000
usemtl None.2910
s 1
f 33//25 34//25 35//25 36//25
f 36//26 35//26 37//26 38//26
f 38//27 37//27 39//27 40//27
f 40//28 39//28 34//28 33//28
f 36//29 38//29 40//29 33//29
f 37//30 35//30 34//30 39//30
o Cube_Cube.004_Cube_Cube.005_Cube_Cube.004_Cube_Cube.018
v 2.410722 1.046351 12.394265
v 2.410723 2.376918 12.394265
v 1.264279 2.376921 12.467954
v 1.264277 1.046354 12.467954
v 1.181036 2.376921 11.172846
v 1.181034 1.046354 11.172846
v 2.327479 2.376918 11.099157
v 2.327479 1.046351 11.099157
vn 0.0641 -0.0000 0.9979
vn -0.9979 0.0000 0.0641
vn -0.0641 0.0000 -0.9979
vn 0.9979 -0.0000 -0.0641
vn -0.0000 -1.0000 0.0000
vn 0.0000 1.0000 -0.0000
usemtl None.2906
s 1
f 41//31 42//31 43//31 44//31
f 44//32 43//32 45//32 46//32
f 46//33 45//33 47//33 48//33
f 48//34 47//34 42//34 41//34
f 44//35 46//35 48//35 41//35
f 45//36 43//36 42//36 47//36
o Cube_Cube.004_Cube_Cube.008_Cube_Cube.004_Cube_Cube.021
v 19.345572 1.046348 -1.418040
v 19.345572 2.376915 -1.418040
v 18.199129 2.376918 -1.344351
v 18.199127 1.046351 -1.344351
v 18.115887 2.376918 -2.639459
v 18.115885 1.046351 -2.639459
v 19.262329 2.376915 -2.713147
v 19.262329 1.046348 -2.713147
vn 0.0641 0.0000 0.9979
vn -0.9979 0.0000 0.0641
vn -0.0641 0.0000 -0.9979
vn 0.9979 0.0000 -0.0641
vn -0.0000 -1.0000 0.0000
vn 0.0000 1.0000 -0.0000
usemtl None.2909
s 1
f 49//37 50//37 51//37 52//37
f 52//38 51//38 53//38 54//38
f 54//39 53//39 55//39 56//39
f 56//40 55//40 50//40 49//40
f 52//41 54//41 56//41 49//41
f 53//42 51//42 50//42 55//42
o Cube_Cube.004_Cube_Cube.004_Cube_Cube.004_Cube_Cube.011
v 0.626585 1.046351 12.508942
v 0.626585 2.376918 12.508942
v -0.519856 2.376921 12.582630
v -0.519860 1.046354 12.582630
v -0.603100 2.376921 11.287522
v -0.603104 1.046354 11.287522
v 0.543342 2.376918 11.213834
v 0.543342 1.046351 11.213834
vn 0.0641 -0.0000 0.9979
vn -0.9979 0.0000 0.0641
vn -0.0641 0.0000 -0.9979
vn 0.9979 -0.0000 -0.0641
vn -0.0000 -1.0000 0.0000
vn 0.0000 1.0000 -0.0000
usemtl None.2905
s 1
f 57//43 58//43 59//43 60//43
f 60//44 59//44 61//44 62//44
f 62//45 61//45 63//45 64//45
f 64//46 63//46 58//46 57//46
f 60//47 62//47 64//47 57//47
f 61//48 59//48 58//48 63//48
o Cube_Cube.004_Cube_Cube.012_Cube_Cube.004_Cube_Cube.026
v -17.494482 1.046354 1.766764
v -17.494482 2.376921 1.766764
v -18.640923 2.376924 1.840452
v -18.640926 1.046357 1.840452
v -18.724165 2.376924 0.545343
v -18.724169 1.046357 0.545343
v -17.577724 2.376921 0.471655
v -17.577724 1.046354 0.471655
vn 0.0641 0.0000 0.9979
vn -0.9979 0.0000 0.0641
vn -0.0641 0.0000 -0.9979
vn 0.9979 0.0000 -0.0641
vn -0.0000 -1.0000 0.0000
vn 0.0000 1.0000 -0.0000
usemtl None.2913
s 1
f 65//49 66//49 67//49 68//49
f 68//50 67//50 69//50 70//50
f 70//51 69//51 71//51 72//51
f 72//52 71//52 66//52 65//52
f 68//53 70//53 72//53 65//53
f 69//54 67//54 66//54 71//54
