# Blender v2.79 (sub 0) OBJ File: ''
# www.blender.org
mtllib bin33.mtl
o Cube_Cube.004_Cube_Cube.008_Cube_Cube.004_Cube_Cube.000_Cube_Cu
v 0.653517 2.158127 -11.309582
v 0.653517 3.488694 -11.309582
v -0.492926 3.488698 -11.235893
v -0.492928 2.158130 -11.235893
v -0.576168 3.488698 -12.531000
v -0.576170 2.158131 -12.531000
v 0.570274 3.488696 -12.604687
v 0.570274 2.158128 -12.604687
vn 0.0641 -0.0000 0.9979
vn -0.9979 0.0000 0.0641
vn -0.0641 0.0000 -0.9979
vn 0.9979 0.0000 -0.0641
vn -0.0000 -1.0000 -0.0000
vn 0.0000 1.0000 0.0000
usemtl None.3361
s 1
f 1//1 2//1 3//1 4//1
f 4//2 3//2 5//2 6//2
f 6//3 5//3 7//3 8//3
f 8//4 7//4 2//4 1//4
f 4//5 6//5 8//5 1//5
f 5//6 3//6 2//6 7//6
o Cube_Cube.004_Cube_Cube.008_Cube_Cube.004_Cube_Cube.002_Cube_Cu
v 0.653517 2.226243 -7.619734
v 0.653517 3.556810 -7.619734
v -0.492926 3.556815 -7.546045
v -0.492928 2.226246 -7.546045
v -0.576168 3.556815 -8.841152
v -0.576170 2.226246 -8.841152
v 0.570274 3.556811 -8.914839
v 0.570274 2.226243 -8.914839
vn 0.0641 -0.0000 0.9979
vn -0.9979 0.0000 0.0641
vn -0.0641 0.0000 -0.9979
vn 0.9979 0.0000 -0.0641
vn -0.0000 -1.0000 0.0000
vn 0.0000 1.0000 0.0000
usemtl None.3362
s 1
f 9//7 10//7 11//7 12//7
f 12//8 11//8 13//8 14//8
f 14//9 13//9 15//9 16//9
f 16//10 15//10 10//10 9//10
f 12//11 14//11 16//11 9//11
f 13//12 11//12 10//12 15//12
o Cube_Cube.004_Cube_Cube.008_Cube_Cube.004_Cube_Cube.001
v 0.653517 2.158128 -13.916016
v 0.653517 3.488695 -13.916016
v -0.492926 3.488698 -13.842327
v -0.492928 2.158131 -13.842327
v -0.576168 3.488698 -15.137434
v -0.576170 2.158131 -15.137434
v 0.570274 3.488696 -15.211121
v 0.570274 2.158128 -15.211121
vn 0.0641 -0.0000 0.9979
vn -0.9979 0.0000 0.0641
vn -0.0641 0.0000 -0.9979
vn 0.9979 0.0000 -0.0641
vn -0.0000 -1.0000 0.0000
vn 0.0000 1.0000 0.0000
usemtl None.3359
s 1
f 17//13 18//13 19//13 20//13
f 20//14 19//14 21//14 22//14
f 22//15 21//15 23//15 24//15
f 24//16 23//16 18//16 17//16
f 20//17 22//17 24//17 17//17
f 21//18 19//18 18//18 23//18
o Cube_Cube.004_Cube_Cube.008_Cube_Cube.004_Cube_Cube.000_Cub.000
v 0.653517 -24.260040 0.784993
v 0.653517 -22.929474 0.784993
v -0.492926 -22.929470 0.858682
v -0.492928 -24.260036 0.858682
v -0.576168 -22.929470 -0.436425
v -0.576170 -24.260036 -0.436425
v 0.570274 -22.929472 -0.510112
v 0.570274 -24.260040 -0.510112
vn 0.0641 -0.0000 0.9979
vn -0.9979 0.0000 0.0641
vn -0.0641 0.0000 -0.9979
vn 0.9979 0.0000 -0.0641
vn -0.0000 -1.0000 0.0000
vn 0.0000 1.0000 0.0000
usemtl None.3579
s 1
f 25//19 26//19 27//19 28//19
f 28//20 27//20 29//20 30//20
f 30//21 29//21 31//21 32//21
f 32//22 31//22 26//22 25//22
f 28//23 30//23 32//23 25//23
f 29//24 27//24 26//24 31//24
o Cube_Cube.004_Cube_Cube.008_Cube_Cube.004_Cube_Cube.000
v 0.653517 -24.260040 -1.821441
v 0.653517 -22.929474 -1.821441
v -0.492926 -22.929470 -1.747752
v -0.492928 -24.260036 -1.747752
v -0.576168 -22.929470 -3.042859
v -0.576170 -24.260036 -3.042860
v 0.570274 -22.929472 -3.116546
v 0.570274 -24.260040 -3.116546
vn 0.0641 -0.0000 0.9979
vn -0.9979 0.0000 0.0641
vn -0.0641 0.0000 -0.9979
vn 0.9979 0.0000 -0.0641
vn -0.0000 -1.0000 0.0000
vn 0.0000 1.0000 0.0000
usemtl None.3578
s 1
f 33//25 34//25 35//25 36//25
f 36//26 35//26 37//26 38//26
f 38//27 37//27 39//27 40//27
f 40//28 39//28 34//28 33//28
f 36//29 38//29 40//29 33//29
f 37//30 35//30 34//30 39//30
o Cube_Cube.004_Cube_Cube.008_Cube_Cube.004_Cube_Cube.002_Cub.000
v 0.653517 -24.191927 4.474841
v 0.653517 -22.861361 4.474841
v -0.492926 -22.861355 4.548530
v -0.492928 -24.191925 4.548530
v -0.576168 -22.861355 3.253423
v -0.576170 -24.191925 3.253423
v 0.570274 -22.861359 3.179736
v 0.570274 -24.191927 3.179736
vn 0.0641 -0.0000 0.9979
vn -0.9979 0.0000 0.0641
vn -0.0641 0.0000 -0.9979
vn 0.9979 0.0000 -0.0641
vn -0.0000 -1.0000 0.0000
vn 0.0000 1.0000 0.0000
usemtl None.060
s 1
f 41//31 42//31 43//31 44//31
f 44//32 43//32 45//32 46//32
f 46//33 45//33 47//33 48//33
f 48//34 47//34 42//34 41//34
f 44//35 46//35 48//35 41//35
f 45//36 43//36 42//36 47//36
