# Blender v2.79 (sub 0) OBJ File: ''
# www.blender.org
mtllib bin32.mtl
o Cube_Cube.004_Cube_Cube.008_Cube_Cube.004_Cube_Cube.001
v 27.350031 9.887135 -4.665436
v 27.350031 11.217701 -4.665436
v 26.203588 11.217705 -4.591747
v 26.203587 9.887137 -4.591747
v 26.120346 11.217705 -5.886854
v 26.120344 9.887137 -5.886854
v 27.266788 11.217702 -5.960541
v 27.266788 9.887135 -5.960541
vn 0.0641 0.0000 0.9979
vn -0.9979 0.0000 0.0641
vn -0.0641 0.0000 -0.9979
vn 0.9979 0.0000 -0.0641
vn -0.0000 -1.0000 0.0000
vn 0.0000 1.0000 -0.0000
usemtl None.3359
s 1
f 1//1 2//1 3//1 4//1
f 4//2 3//2 5//2 6//2
f 6//3 5//3 7//3 8//3
f 8//4 7//4 2//4 1//4
f 4//5 6//5 8//5 1//5
f 5//6 3//6 2//6 7//6
o Cube_Cube.004_Cube_Cube.008_Cube_Cube.004_Cube_Cube.000_Cube_Cube.004_Cube_Cube.008_Cube_Cube.004_Cube_Cube.003
v 27.350031 9.887135 -2.059002
v 27.350031 11.217701 -2.059002
v 26.203588 11.217705 -1.985313
v 26.203587 9.887137 -1.985313
v 26.120346 11.217705 -3.280420
v 26.120344 9.887137 -3.280420
v 27.266788 11.217702 -3.354107
v 27.266788 9.887135 -3.354107
vn 0.0641 0.0000 0.9979
vn -0.9979 0.0000 0.0641
vn -0.0641 0.0000 -0.9979
vn 0.9979 0.0000 -0.0641
vn -0.0000 -1.0000 0.0000
vn 0.0000 1.0000 -0.0000
usemtl None.3361
s 1
f 9//7 10//7 11//7 12//7
f 12//8 11//8 13//8 14//8
f 14//9 13//9 15//9 16//9
f 16//10 15//10 10//10 9//10
f 12//11 14//11 16//11 9//11
f 13//12 11//12 10//12 15//12
o Cube_Cube.004_Cube_Cube.008_Cube_Cube.004_Cube_Cube.002_Cube_Cube.004_Cube_Cube.008_Cube_Cube.004_Cube_Cube.004
v 27.350031 8.975187 1.630846
v 27.350031 10.305754 1.630846
v 26.203588 10.305758 1.704535
v 26.203587 8.975190 1.704535
v 26.120346 10.305758 0.409428
v 26.120344 8.975190 0.409428
v 27.266788 10.305755 0.335741
v 27.266788 8.975187 0.335741
vn 0.0641 0.0000 0.9979
vn -0.9979 0.0000 0.0641
vn -0.0641 0.0000 -0.9979
vn 0.9979 0.0000 -0.0641
vn -0.0000 -1.0000 -0.0000
vn 0.0000 1.0000 0.0000
usemtl None.3362
s 1
f 17//13 18//13 19//13 20//13
f 20//14 19//14 21//14 22//14
f 22//15 21//15 23//15 24//15
f 24//16 23//16 18//16 17//16
f 20//17 22//17 24//17 17//17
f 21//18 19//18 18//18 23//18
