# Blender v2.79 (sub 0) OBJ File: ''
# www.blender.org
mtllib bomb32.mtl
o Cube_Cube.004_Cube_Cube.008_Cube_Cube.004_Cube_Cube.000
v -0.009111 1.046343 -0.572052
v -0.009111 2.376910 -0.572052
v -1.155554 2.376913 -0.498363
v -1.155556 1.046346 -0.498363
v -1.238796 2.376913 -1.793470
v -1.238798 1.046346 -1.793470
v -0.092354 2.376910 -1.867157
v -0.092354 1.046343 -1.867157
vn 0.0641 -0.0000 0.9979
vn -0.9979 0.0000 0.0641
vn -0.0641 0.0000 -0.9979
vn 0.9979 0.0000 -0.0641
vn -0.0000 -1.0000 0.0000
vn 0.0000 1.0000 0.0000
usemtl None.3356
s 1
f 1//1 2//1 3//1 4//1
f 4//2 3//2 5//2 6//2
f 6//3 5//3 7//3 8//3
f 8//4 7//4 2//4 1//4
f 4//5 6//5 8//5 1//5
f 5//6 3//6 2//6 7//6
o Cube_Cube.004_Cube_Cube.008_Cube_Cube.004_Cube_Cube.001
v -5.630199 9.887135 -6.671322
v -5.630199 11.217701 -6.671322
v -6.776642 11.217705 -6.597633
v -6.776644 9.887137 -6.597633
v -6.859884 11.217705 -7.892740
v -6.859886 9.887137 -7.892740
v -5.713442 11.217702 -7.966427
v -5.713442 9.887135 -7.966427
vn 0.0641 -0.0000 0.9979
vn -0.9979 0.0000 0.0641
vn -0.0641 0.0000 -0.9979
vn 0.9979 0.0000 -0.0641
vn -0.0000 -1.0000 0.0000
vn 0.0000 1.0000 -0.0000
usemtl None.3359
s 1
f 9//7 10//7 11//7 12//7
f 12//8 11//8 13//8 14//8
f 14//9 13//9 15//9 16//9
f 16//10 15//10 10//10 9//10
f 12//11 14//11 16//11 9//11
f 13//12 11//12 10//12 15//12
o Cube_Cube.004_Cube_Cube.008_Cube_Cube.004_Cube_Cube.002
v 18.529675 5.438003 -4.446686
v 18.529675 6.768570 -4.446686
v 17.383232 6.768573 -4.372997
v 17.383230 5.438006 -4.372997
v 17.299990 6.768573 -5.668104
v 17.299988 5.438006 -5.668104
v 18.446432 6.768570 -5.741791
v 18.446432 5.438003 -5.741791
vn 0.0641 -0.0000 0.9979
vn -0.9979 0.0000 0.0641
vn -0.0641 0.0000 -0.9979
vn 0.9979 0.0000 -0.0641
vn -0.0000 -1.0000 0.0000
vn 0.0000 1.0000 0.0000
usemtl None.3360
s 1
f 17//13 18//13 19//13 20//13
f 20//14 19//14 21//14 22//14
f 22//15 21//15 23//15 24//15
f 24//16 23//16 18//16 17//16
f 20//17 22//17 24//17 17//17
f 21//18 19//18 18//18 23//18
