# Blender v2.79 (sub 0) OBJ File: ''
# www.blender.org
mtllib bomb31.mtl
o Cube_Cube.004_Cube_Cube.007_Cube_Cube.004_Cube_Cube.020
v -1.793249 1.046348 32.498215
v -1.793249 2.376915 32.498215
v -2.939690 2.376918 32.571903
v -2.939693 1.046351 32.571903
v -3.022932 2.376918 31.276796
v -3.022936 1.046351 31.276796
v -1.876492 2.376915 31.203108
v -1.876492 1.046348 31.203108
vn 0.0641 -0.0000 0.9979
vn -0.9979 0.0000 0.0641
vn -0.0641 0.0000 -0.9979
vn 0.9979 0.0000 -0.0641
vn -0.0000 -1.0000 0.0000
vn 0.0000 1.0000 -0.0000
usemtl None.2908
s 1
f 1//1 2//1 3//1 4//1
f 4//2 3//2 5//2 6//2
f 6//3 5//3 7//3 8//3
f 8//4 7//4 2//4 1//4
f 4//5 6//5 8//5 1//5
f 5//6 3//6 2//6 7//6
o Cube_Cube.004_Cube_Cube.009_Cube_Cube.004_Cube_Cube.022
v -1.700748 1.046348 33.937351
v -1.700747 2.376915 33.937351
v -2.847187 2.376918 34.011040
v -2.847193 1.046351 34.011040
v -2.930431 2.376918 32.715931
v -2.930435 1.046351 32.715931
v -1.783991 2.376915 32.642242
v -1.783991 1.046348 32.642242
vn 0.0641 -0.0000 0.9979
vn -0.9979 0.0000 0.0641
vn -0.0641 0.0000 -0.9979
vn 0.9979 -0.0000 -0.0641
vn -0.0000 -1.0000 0.0000
vn 0.0000 1.0000 -0.0000
usemtl None.2910
s 1
f 9//7 10//7 11//7 12//7
f 12//8 11//8 13//8 14//8
f 14//9 13//9 15//9 16//9
f 16//10 15//10 10//10 9//10
f 12//11 14//11 16//11 9//11
f 13//12 11//12 10//12 15//12
o Cube_Cube.004_Cube_Cube.008_Cube_Cube.004_Cube_Cube.021
v -0.009111 1.046348 32.383537
v -0.009111 2.376915 32.383537
v -1.155554 2.376918 32.457226
v -1.155556 1.046351 32.457226
v -1.238796 2.376918 31.162119
v -1.238798 1.046351 31.162119
v -0.092354 2.376915 31.088432
v -0.092354 1.046348 31.088432
vn 0.0641 -0.0000 0.9979
vn -0.9979 0.0000 0.0641
vn -0.0641 0.0000 -0.9979
vn 0.9979 0.0000 -0.0641
vn -0.0000 -1.0000 0.0000
vn 0.0000 1.0000 -0.0000
usemtl None.2909
s 1
f 17//13 18//13 19//13 20//13
f 20//14 19//14 21//14 22//14
f 22//15 21//15 23//15 24//15
f 24//16 23//16 18//16 17//16
f 20//17 22//17 24//17 17//17
f 21//18 19//18 18//18 23//18
