# Blender v2.79 (sub 0) OBJ File: ''
# www.blender.org
mtllib bomb39.mtl
o Cube_Cube.004_Cube_Cube.008_Cube_Cube.004_Cube_Cube.006
v -25.958332 -3.711074 -8.809918
v -25.958332 -2.380507 -8.809918
v -27.104774 -2.380504 -8.736229
v -27.104776 -3.711071 -8.736229
v -27.188017 -2.380504 -10.031336
v -27.188019 -3.711071 -10.031337
v -26.041574 -2.380507 -10.105023
v -26.041574 -3.711074 -10.105023
vn 0.0641 -0.0000 0.9979
vn -0.9979 0.0000 0.0641
vn -0.0641 0.0000 -0.9979
vn 0.9979 0.0000 -0.0641
vn -0.0000 -1.0000 -0.0000
vn 0.0000 1.0000 0.0000
usemtl None.3580
s 1
f 1//1 2//1 3//1 4//1
f 4//2 3//2 5//2 6//2
f 6//3 5//3 7//3 8//3
f 8//4 7//4 2//4 1//4
f 4//5 6//5 8//5 1//5
f 5//6 3//6 2//6 7//6
o Cube_Cube.004_Cube_Cube.008_Cube_Cube.004_Cube_Cube.000
v -34.893620 -6.063261 -8.809918
v -34.893620 -4.732694 -8.809918
v -36.040066 -4.732691 -8.736229
v -36.040066 -6.063258 -8.736229
v -36.123306 -4.732691 -10.031336
v -36.123306 -6.063258 -10.031337
v -34.976864 -4.732694 -10.105023
v -34.976864 -6.063261 -10.105023
vn 0.0641 0.0000 0.9979
vn -0.9979 -0.0000 0.0641
vn -0.0641 0.0000 -0.9979
vn 0.9979 0.0000 -0.0641
vn -0.0000 -1.0000 -0.0000
vn 0.0000 1.0000 0.0000
usemtl None.3590
s 1
f 9//7 10//7 11//7 12//7
f 12//8 11//8 13//8 14//8
f 14//9 13//9 15//9 16//9
f 16//10 15//10 10//10 9//10
f 12//11 14//11 16//11 9//11
f 13//12 11//12 10//12 15//12
o Cube_Cube.004_Cube_Cube.008_Cube_Cube.004_Cube_Cube.001
v -35.006844 -6.086225 -19.085709
v -35.006844 -4.755658 -19.085709
v -36.153290 -4.755655 -19.012020
v -36.153290 -6.086222 -19.012020
v -36.236530 -4.755655 -20.307125
v -36.236530 -6.086222 -20.307127
v -35.090088 -4.755658 -20.380814
v -35.090088 -6.086225 -20.380814
vn 0.0641 0.0000 0.9979
vn -0.9979 -0.0000 0.0641
vn -0.0641 0.0000 -0.9979
vn 0.9979 0.0000 -0.0641
vn -0.0000 -1.0000 -0.0000
vn 0.0000 1.0000 0.0000
usemtl None.3591
s 1
f 17//13 18//13 19//13 20//13
f 20//14 19//14 21//14 22//14
f 22//15 21//15 23//15 24//15
f 24//16 23//16 18//16 17//16
f 20//17 22//17 24//17 17//17
f 21//18 19//18 18//18 23//18
o Cube_Cube.004_Cube_Cube.008_Cube_Cube.004_Cube_Cube.002
v -42.475094 -9.216957 -19.085709
v -42.475094 -7.886390 -19.085709
v -43.621540 -7.886387 -19.012020
v -43.621540 -9.216954 -19.012020
v -43.704781 -7.886387 -20.307125
v -43.704781 -9.216954 -20.307127
v -42.558338 -7.886390 -20.380814
v -42.558338 -9.216957 -20.380814
vn 0.0641 0.0000 0.9979
vn -0.9979 0.0000 0.0641
vn -0.0641 0.0000 -0.9979
vn 0.9979 0.0000 -0.0641
vn -0.0000 -1.0000 -0.0000
vn 0.0000 1.0000 -0.0000
usemtl None.3592
s 1
f 25//19 26//19 27//19 28//19
f 28//20 27//20 29//20 30//20
f 30//21 29//21 31//21 32//21
f 32//22 31//22 26//22 25//22
f 28//23 30//23 32//23 25//23
f 29//24 27//24 26//24 31//24
