# Blender v2.79 (sub 0) OBJ File: ''
# www.blender.org
mtllib bomb33.mtl
o Cube_Cube.004_Cube_Cube.008_Cube_Cube.004_Cube_Cube.006
v -0.009111 1.046343 -10.962912
v -0.009111 2.376910 -10.962912
v -1.155554 2.376913 -10.889222
v -1.155556 1.046346 -10.889222
v -1.238796 2.376913 -12.184329
v -1.238798 1.046346 -12.184330
v -0.092354 2.376910 -12.258017
v -0.092354 1.046343 -12.258017
vn 0.0641 -0.0000 0.9979
vn -0.9979 0.0000 0.0641
vn -0.0641 0.0000 -0.9979
vn 0.9979 0.0000 -0.0641
vn -0.0000 -1.0000 -0.0000
vn 0.0000 1.0000 -0.0000
usemtl None.3580
s 1
f 1//1 2//1 3//1 4//1
f 4//2 3//2 5//2 6//2
f 6//3 5//3 7//3 8//3
f 8//4 7//4 2//4 1//4
f 4//5 6//5 8//5 1//5
f 5//6 3//6 2//6 7//6
o Cube_Cube.004_Cube_Cube.008_Cube_Cube.004_Cube_Cube.000_Cube_Cube.004_Cube_Cube.008_Cube_Cube.004_Cube_Cube.008
v -0.009111 1.046343 11.275072
v -0.009111 2.376910 11.275072
v -1.155554 2.376913 11.348762
v -1.155556 1.046346 11.348762
v -1.238796 2.376913 10.053655
v -1.238798 1.046346 10.053654
v -0.092354 2.376910 9.979967
v -0.092354 1.046343 9.979967
vn 0.0641 -0.0000 0.9979
vn -0.9979 0.0000 0.0641
vn -0.0641 0.0000 -0.9979
vn 0.9979 0.0000 -0.0641
vn -0.0000 -1.0000 -0.0000
vn 0.0000 1.0000 -0.0000
usemtl None.3581
s 1
f 9//7 10//7 11//7 12//7
f 12//8 11//8 13//8 14//8
f 14//9 13//9 15//9 16//9
f 16//10 15//10 10//10 9//10
f 12//11 14//11 16//11 9//11
f 13//12 11//12 10//12 15//12
o Cube_Cube.004_Cube_Cube.008_Cube_Cube.004_Cube_Cube.001_Cube_Cube.004_Cube_Cube.008_Cube_Cube.004_Cube_Cube.009
v -0.417505 -10.742634 7.993361
v -0.417505 -9.412066 7.993362
v -1.563948 -9.412064 8.067051
v -1.563950 -10.742631 8.067051
v -1.647190 -9.412064 6.771944
v -1.647192 -10.742630 6.771944
v -0.500748 -9.412066 6.698257
v -0.500748 -10.742634 6.698256
vn 0.0641 -0.0000 0.9979
vn -0.9979 0.0000 0.0641
vn -0.0641 0.0000 -0.9979
vn 0.9979 0.0000 -0.0641
vn -0.0000 -1.0000 0.0000
vn 0.0000 1.0000 0.0000
usemtl None.3582
s 1
f 17//13 18//13 19//13 20//13
f 20//14 19//14 21//14 22//14
f 22//15 21//15 23//15 24//15
f 24//16 23//16 18//16 17//16
f 20//17 22//17 24//17 17//17
f 21//18 19//18 18//18 23//18
o Cube_Cube.004_Cube_Cube.008_Cube_Cube.004_Cube_Cube.002_Cube_Cube.004_Cube_Cube.008_Cube_Cube.004_Cube_Cube.010
v -0.417505 -24.289158 23.073923
v -0.417505 -22.958591 23.073923
v -1.563948 -22.958588 23.147612
v -1.563950 -24.289154 23.147612
v -1.647190 -22.958588 21.852505
v -1.647192 -24.289154 21.852505
v -0.500748 -22.958591 21.778818
v -0.500748 -24.289158 21.778818
vn 0.0641 -0.0000 0.9979
vn -0.9979 0.0000 0.0641
vn -0.0641 0.0000 -0.9979
vn 0.9979 0.0000 -0.0641
vn -0.0000 -1.0000 0.0000
vn 0.0000 1.0000 -0.0000
usemtl None.3583
s 1
f 25//19 26//19 27//19 28//19
f 28//20 27//20 29//20 30//20
f 30//21 29//21 31//21 32//21
f 32//22 31//22 26//22 25//22
f 28//23 30//23 32//23 25//23
f 29//24 27//24 26//24 31//24
o Cube_Cube.004_Cube_Cube.008_Cube_Cube.004_Cube_Cube.003_Cube_Cube.004_Cube_Cube.008_Cube_Cube.004_Cube_Cube.011
v -0.417505 -10.742634 -3.752800
v -0.417505 -9.412066 -3.752800
v -1.563948 -9.412064 -3.679111
v -1.563950 -10.742631 -3.679111
v -1.647190 -9.412064 -4.974217
v -1.647192 -10.742630 -4.974218
v -0.500748 -9.412066 -5.047904
v -0.500748 -10.742634 -5.047905
vn 0.0641 -0.0000 0.9979
vn -0.9979 0.0000 0.0641
vn -0.0641 0.0000 -0.9979
vn 0.9979 0.0000 -0.0641
vn -0.0000 -1.0000 0.0000
vn 0.0000 1.0000 0.0000
usemtl None.3584
s 1
f 33//25 34//25 35//25 36//25
f 36//26 35//26 37//26 38//26
f 38//27 37//27 39//27 40//27
f 40//28 39//28 34//28 33//28
f 36//29 38//29 40//29 33//29
f 37//30 35//30 34//30 39//30
o Cube_Cube.004_Cube_Cube.008_Cube_Cube.004_Cube_Cube.004_Cube_Cube.004_Cube_Cube.008_Cube_Cube.004_Cube_Cube.012
v -0.417505 -10.742634 -15.291461
v -0.417505 -9.412066 -15.291461
v -1.563948 -9.412064 -15.217772
v -1.563950 -10.742631 -15.217772
v -1.647190 -9.412064 -16.512878
v -1.647192 -10.742630 -16.512878
v -0.500748 -9.412066 -16.586565
v -0.500748 -10.742634 -16.586565
vn 0.0641 -0.0000 0.9979
vn -0.9979 0.0000 0.0641
vn -0.0641 0.0000 -0.9979
vn 0.9979 0.0000 -0.0641
vn -0.0000 -1.0000 0.0000
vn 0.0000 1.0000 0.0000
usemtl None.3585
s 1
f 41//31 42//31 43//31 44//31
f 44//32 43//32 45//32 46//32
f 46//33 45//33 47//33 48//33
f 48//34 47//34 42//34 41//34
f 44//35 46//35 48//35 41//35
f 45//36 43//36 42//36 47//36
o Cube_Cube.004_Cube_Cube.008_Cube_Cube.004_Cube_Cube.005_Cube_Cube.004_Cube_Cube.008_Cube_Cube.004_Cube_Cube.013
v -0.417505 -24.289158 11.727036
v -0.417505 -22.958591 11.727036
v -1.563948 -22.958588 11.800725
v -1.563950 -24.289154 11.800725
v -1.647190 -22.958588 10.505618
v -1.647192 -24.289154 10.505617
v -0.500748 -22.958591 10.431931
v -0.500748 -24.289158 10.431931
vn 0.0641 -0.0000 0.9979
vn -0.9979 0.0000 0.0641
vn -0.0641 0.0000 -0.9979
vn 0.9979 0.0000 -0.0641
vn -0.0000 -1.0000 0.0000
vn 0.0000 1.0000 -0.0000
usemtl None.3586
s 1
f 49//37 50//37 51//37 52//37
f 52//38 51//38 53//38 54//38
f 54//39 53//39 55//39 56//39
f 56//40 55//40 50//40 49//40
f 52//41 54//41 56//41 49//41
f 53//42 51//42 50//42 55//42
o Cube_Cube.004_Cube_Cube.008_Cube_Cube.004_Cube_Cube.007_Cube_Cube.004_Cube_Cube.008_Cube_Cube.004_Cube_Cube.014
v -0.417505 -24.289158 1.003071
v -0.417505 -22.958591 1.003071
v -1.563948 -22.958588 1.076760
v -1.563950 -24.289154 1.076760
v -1.647190 -22.958588 -0.218347
v -1.647192 -24.289154 -0.218347
v -0.500748 -22.958591 -0.292034
v -0.500748 -24.289158 -0.292034
vn 0.0641 -0.0000 0.9979
vn -0.9979 0.0000 0.0641
vn -0.0641 0.0000 -0.9979
vn 0.9979 0.0000 -0.0641
vn -0.0000 -1.0000 0.0000
vn 0.0000 1.0000 -0.0000
usemtl None.3587
s 1
f 57//43 58//43 59//43 60//43
f 60//44 59//44 61//44 62//44
f 62//45 61//45 63//45 64//45
f 64//46 63//46 58//46 57//46
f 60//47 62//47 64//47 57//47
f 61//48 59//48 58//48 63//48
o Cube_Cube.004_Cube_Cube.008_Cube_Cube.004_Cube_Cube.008_Cube_Cube.004_Cube_Cube.008_Cube_Cube.004_Cube_Cube.015
v -0.417505 -24.289158 -11.052210
v -0.417505 -22.958591 -11.052210
v -1.563948 -22.958588 -10.978520
v -1.563950 -24.289154 -10.978520
v -1.647190 -22.958588 -12.273627
v -1.647192 -24.289154 -12.273628
v -0.500748 -22.958591 -12.347315
v -0.500748 -24.289158 -12.347315
vn 0.0641 -0.0000 0.9979
vn -0.9979 0.0000 0.0641
vn -0.0641 0.0000 -0.9979
vn 0.9979 0.0000 -0.0641
vn -0.0000 -1.0000 0.0000
vn 0.0000 1.0000 -0.0000
usemtl None.3588
s 1
f 65//49 66//49 67//49 68//49
f 68//50 67//50 69//50 70//50
f 70//51 69//51 71//51 72//51
f 72//52 71//52 66//52 65//52
f 68//53 70//53 72//53 65//53
f 69//54 67//54 66//54 71//54
o Cube_Cube.004_Cube_Cube.008_Cube_Cube.004_Cube_Cube.009_Cube_Cube.004_Cube_Cube.008_Cube_Cube.004_Cube_Cube.016
v -0.417505 -24.289158 -23.080984
v -0.417505 -22.958591 -23.080984
v -1.563948 -22.958588 -23.007296
v -1.563950 -24.289154 -23.007296
v -1.647190 -22.958588 -24.302402
v -1.647192 -24.289154 -24.302402
v -0.500748 -22.958591 -24.376089
v -0.500748 -24.289158 -24.376089
vn 0.0641 -0.0000 0.9979
vn -0.9979 0.0000 0.0641
vn -0.0641 0.0000 -0.9979
vn 0.9979 0.0000 -0.0641
vn -0.0000 -1.0000 0.0000
vn 0.0000 1.0000 -0.0000
usemtl None.3589
s 1
f 73//55 74//55 75//55 76//55
f 76//56 75//56 77//56 78//56
f 78//57 77//57 79//57 80//57
f 80//58 79//58 74//58 73//58
f 76//59 78//59 80//59 73//59
f 77//60 75//60 74//60 79//60
