# Blender v2.79 (sub 0) OBJ File: ''
# www.blender.org
mtllib finish37.mtl
o Cube.008_Cube.003_Cube.008_Cube.010
v 0.625358 1.166760 -70.414536
v 1.538838 2.289598 -71.794678
v 0.667856 1.219001 -73.242157
v -0.245625 0.096163 -71.862015
v 2.219288 -0.043165 -73.242157
v 1.305807 -1.166001 -71.862015
v 3.090271 1.027432 -71.794678
v 2.176789 -0.095404 -70.414536
vn -0.7757 0.6311 0.0000
vn -0.4355 -0.5353 -0.7237
vn 0.7757 -0.6311 -0.0000
vn 0.4355 0.5353 0.7237
vn -0.4567 -0.5614 0.6901
vn 0.4567 0.5614 -0.6901
usemtl None.039
s 1
f 1//1 2//1 3//1 4//1
f 4//2 3//2 5//2 6//2
f 6//3 5//3 7//3 8//3
f 8//4 7//4 2//4 1//4
f 4//5 6//5 8//5 1//5
f 5//6 3//6 2//6 7//6
o Cube.006_Cube.003_Cube.006_Cube.010
v 1.808208 1.166760 -71.063416
v 2.721688 2.289598 -72.443558
v 1.850706 1.219001 -73.891037
v 0.937224 0.096163 -72.510895
v 3.402139 -0.043164 -73.891037
v 2.488657 -1.166001 -72.510895
v 4.273121 1.027432 -72.443558
v 3.359640 -0.095404 -71.063416
vn -0.7757 0.6311 0.0000
vn -0.4355 -0.5353 -0.7237
vn 0.7757 -0.6311 -0.0000
vn 0.4355 0.5353 0.7237
vn -0.4567 -0.5614 0.6901
vn 0.4567 0.5614 -0.6901
usemtl None.039
s 1
f 9//7 10//7 11//7 12//7
f 12//8 11//8 13//8 14//8
f 14//9 13//9 15//9 16//9
f 16//10 15//10 10//10 9//10
f 12//11 14//11 16//11 9//11
f 13//12 11//12 10//12 15//12
o Cube.007_Cube.003_Cube.007_Cube.010
v 1.808208 1.166760 -69.669685
v 2.721688 2.289598 -71.049828
v 1.850706 1.219000 -72.497314
v 0.937224 0.096163 -71.117172
v 3.402139 -0.043165 -72.497314
v 2.488657 -1.166001 -71.117172
v 4.273121 1.027432 -71.049828
v 3.359640 -0.095404 -69.669685
vn -0.7757 0.6311 0.0000
vn -0.4355 -0.5353 -0.7237
vn 0.7757 -0.6311 -0.0000
vn 0.4355 0.5353 0.7237
vn -0.4567 -0.5614 0.6901
vn 0.4567 0.5614 -0.6901
usemtl None.039
s 1
f 17//13 18//13 19//13 20//13
f 20//14 19//14 21//14 22//14
f 22//15 21//15 23//15 24//15
f 24//16 23//16 18//16 17//16
f 20//17 22//17 24//17 17//17
f 21//18 19//18 18//18 23//18
