# Blender v2.79 (sub 0) OBJ File: ''
# www.blender.org
mtllib spikes37.mtl
o Cube.006_Cube.005_Cube.006_Cube.007
v 12.204375 0.672357 -11.642668
v 11.338911 1.795194 -10.231919
v 12.259171 0.724596 -8.815254
v 13.124636 -0.398241 -10.226003
v 10.708656 -0.537569 -8.761885
v 11.574121 -1.660405 -10.172634
v 9.788397 0.533029 -10.178551
v 10.653861 -0.589808 -11.589299
vn 0.7753 0.6311 -0.0267
vn 0.4601 -0.5353 0.7083
vn -0.7753 -0.6311 0.0267
vn -0.4601 0.5353 -0.7083
vn 0.4327 -0.5614 -0.7054
vn -0.4327 0.5614 0.7054
usemtl None.008
s 1
f 1//1 2//1 3//1 4//1
f 4//2 3//2 5//2 6//2
f 6//3 5//3 7//3 8//3
f 8//4 7//4 2//4 1//4
f 4//5 6//5 8//5 1//5
f 5//6 3//6 2//6 7//6
o Cube.007_Cube.005_Cube.007_Cube.007
v 12.156431 0.672357 -13.035573
v 11.290967 1.795194 -11.624825
v 12.211227 0.724596 -10.208159
v 13.076692 -0.398241 -11.618908
v 10.660713 -0.537569 -10.154791
v 11.526178 -1.660405 -11.565538
v 9.740454 0.533029 -11.571456
v 10.605918 -0.589808 -12.982204
vn 0.7753 0.6311 -0.0267
vn 0.4601 -0.5353 0.7083
vn -0.7753 -0.6311 0.0267
vn -0.4601 0.5353 -0.7083
vn 0.4327 -0.5614 -0.7054
vn -0.4327 0.5614 0.7054
usemtl None.008
s 1
f 9//7 10//7 11//7 12//7
f 12//8 11//8 13//8 14//8
f 14//9 13//9 15//9 16//9
f 16//10 15//10 10//10 9//10
f 12//11 14//11 16//11 9//11
f 13//12 11//12 10//12 15//12
o Cube.008_Cube.006_Cube.008_Cube.007
v 13.364204 0.672357 -12.331851
v 12.498740 1.795194 -10.921103
v 13.419000 0.724596 -9.504437
v 14.284464 -0.398241 -10.915186
v 11.868485 -0.537569 -9.451069
v 12.733951 -1.660405 -10.861817
v 10.948226 0.533029 -10.867734
v 11.813690 -0.589808 -12.278482
vn 0.7753 0.6311 -0.0267
vn 0.4601 -0.5353 0.7083
vn -0.7753 -0.6311 0.0267
vn -0.4601 0.5353 -0.7083
vn 0.4327 -0.5614 -0.7054
vn -0.4327 0.5614 0.7054
usemtl None.008
s 1
f 17//13 18//13 19//13 20//13
f 20//14 19//14 21//14 22//14
f 22//15 21//15 23//15 24//15
f 24//16 23//16 18//16 17//16
f 20//17 22//17 24//17 17//17
f 21//18 19//18 18//18 23//18
o Cube.006_Cube.001_Cube.006_Cube.008
v 8.209085 0.672357 -23.575193
v 7.343620 1.795194 -22.164444
v 8.263881 0.724596 -20.747780
v 9.129345 -0.398241 -22.158527
v 6.713366 -0.537569 -20.694410
v 7.578831 -1.660405 -22.105160
v 5.793106 0.533029 -22.111076
v 6.658570 -0.589808 -23.521824
vn 0.7753 0.6311 -0.0267
vn 0.4601 -0.5353 0.7083
vn -0.7753 -0.6311 0.0267
vn -0.4601 0.5353 -0.7083
vn 0.4327 -0.5614 -0.7054
vn -0.4327 0.5614 0.7054
usemtl None.009
s 1
f 25//19 26//19 27//19 28//19
f 28//20 27//20 29//20 30//20
f 30//21 29//21 31//21 32//21
f 32//22 31//22 26//22 25//22
f 28//23 30//23 32//23 25//23
f 29//24 27//24 26//24 31//24
o Cube.007_Cube.001_Cube.007_Cube.008
v 8.161140 0.672357 -24.968098
v 7.295677 1.795194 -23.557350
v 8.215937 0.724596 -22.140684
v 9.081401 -0.398241 -23.551434
v 6.665422 -0.537569 -22.087317
v 7.530887 -1.660405 -23.498064
v 5.745163 0.533029 -23.503981
v 6.610627 -0.589808 -24.914730
vn 0.7753 0.6311 -0.0267
vn 0.4601 -0.5353 0.7083
vn -0.7753 -0.6311 0.0267
vn -0.4601 0.5353 -0.7083
vn 0.4327 -0.5614 -0.7054
vn -0.4327 0.5614 0.7054
usemtl None.009
s 1
f 33//25 34//25 35//25 36//25
f 36//26 35//26 37//26 38//26
f 38//27 37//27 39//27 40//27
f 40//28 39//28 34//28 33//28
f 36//29 38//29 40//29 33//29
f 37//30 35//30 34//30 39//30
o Cube.008_Cube.001_Cube.008_Cube.008
v 9.368914 0.672357 -24.264376
v 8.503449 1.795194 -22.853628
v 9.423709 0.724596 -21.436962
v 10.289173 -0.398241 -22.847712
v 7.873195 -0.537569 -21.383595
v 8.738660 -1.660405 -22.794342
v 6.952935 0.533029 -22.800259
v 7.818399 -0.589808 -24.211008
vn 0.7753 0.6311 -0.0267
vn 0.4601 -0.5353 0.7083
vn -0.7753 -0.6311 0.0267
vn -0.4601 0.5353 -0.7083
vn 0.4327 -0.5614 -0.7054
vn -0.4327 0.5614 0.7054
usemtl None.009
s 1
f 41//31 42//31 43//31 44//31
f 44//32 43//32 45//32 46//32
f 46//33 45//33 47//33 48//33
f 48//34 47//34 42//34 41//34
f 44//35 46//35 48//35 41//35
f 45//36 43//36 42//36 47//36
o Cube.006_Cube.002_Cube.006_Cube.009
v 11.267220 0.672357 -38.870022
v 10.401756 1.795194 -37.459274
v 11.322017 0.724596 -36.042610
v 12.187481 -0.398241 -37.453358
v 9.771502 -0.537569 -35.989243
v 10.636967 -1.660405 -37.399990
v 8.851242 0.533029 -37.405907
v 9.716706 -0.589808 -38.816654
vn 0.7753 0.6311 -0.0267
vn 0.4601 -0.5353 0.7083
vn -0.7753 -0.6311 0.0267
vn -0.4601 0.5353 -0.7083
vn 0.4327 -0.5614 -0.7054
vn -0.4327 0.5614 0.7054
usemtl None.010
s 1
f 49//37 50//37 51//37 52//37
f 52//38 51//38 53//38 54//38
f 54//39 53//39 55//39 56//39
f 56//40 55//40 50//40 49//40
f 52//41 54//41 56//41 49//41
f 53//42 51//42 50//42 55//42
o Cube.007_Cube.002_Cube.007_Cube.009
v 11.219276 0.672357 -40.262928
v 10.353812 1.795194 -38.852180
v 11.274073 0.724596 -37.435516
v 12.139537 -0.398241 -38.846264
v 9.723558 -0.537569 -37.382145
v 10.589024 -1.660405 -38.792896
v 8.803299 0.533029 -38.798813
v 9.668763 -0.589808 -40.209560
vn 0.7753 0.6311 -0.0267
vn 0.4601 -0.5353 0.7083
vn -0.7753 -0.6311 0.0267
vn -0.4601 0.5353 -0.7083
vn 0.4327 -0.5614 -0.7054
vn -0.4327 0.5614 0.7054
usemtl None.010
s 1
f 57//43 58//43 59//43 60//43
f 60//44 59//44 61//44 62//44
f 62//45 61//45 63//45 64//45
f 64//46 63//46 58//46 57//46
f 60//47 62//47 64//47 57//47
f 61//48 59//48 58//48 63//48
o Cube.008_Cube.002_Cube.008_Cube.009
v 12.427050 0.672357 -39.559208
v 11.561585 1.795194 -38.148460
v 12.481845 0.724596 -36.731792
v 13.347309 -0.398241 -38.142540
v 10.931331 -0.537569 -36.678425
v 11.796796 -1.660405 -38.089172
v 10.011071 0.533029 -38.095089
v 10.876535 -0.589808 -39.505836
vn 0.7753 0.6311 -0.0267
vn 0.4601 -0.5353 0.7083
vn -0.7753 -0.6311 0.0267
vn -0.4601 0.5353 -0.7083
vn 0.4327 -0.5614 -0.7054
vn -0.4327 0.5614 0.7054
usemtl None.010
s 1
f 65//49 66//49 67//49 68//49
f 68//50 67//50 69//50 70//50
f 70//51 69//51 71//51 72//51
f 72//52 71//52 66//52 65//52
f 68//53 70//53 72//53 65//53
f 69//54 67//54 66//54 71//54
o Cube.006_Cube.003_Cube.006_Cube.010
v 10.880158 0.672357 -50.115383
v 10.014694 1.795194 -48.704636
v 10.934955 0.724596 -47.287971
v 11.800419 -0.398241 -48.698719
v 9.384439 -0.537569 -47.234604
v 10.249905 -1.660405 -48.645351
v 8.464180 0.533029 -48.651268
v 9.329644 -0.589808 -50.062016
vn 0.7753 0.6311 -0.0267
vn 0.4601 -0.5353 0.7083
vn -0.7753 -0.6311 0.0267
vn -0.4601 0.5353 -0.7083
vn 0.4327 -0.5614 -0.7054
vn -0.4327 0.5614 0.7054
usemtl None.011
s 1
f 73//55 74//55 75//55 76//55
f 76//56 75//56 77//56 78//56
f 78//57 77//57 79//57 80//57
f 80//58 79//58 74//58 73//58
f 76//59 78//59 80//59 73//59
f 77//60 75//60 74//60 79//60
o Cube.007_Cube.003_Cube.007_Cube.010
v 10.832214 0.672357 -51.508289
v 9.966750 1.795194 -50.097542
v 10.887011 0.724596 -48.680878
v 11.752475 -0.398241 -50.091625
v 9.336496 -0.537569 -48.627506
v 10.201962 -1.660405 -50.038258
v 8.416237 0.533029 -50.044174
v 9.281701 -0.589808 -51.454922
vn 0.7753 0.6311 -0.0267
vn 0.4601 -0.5353 0.7083
vn -0.7753 -0.6311 0.0267
vn -0.4601 0.5353 -0.7083
vn 0.4327 -0.5614 -0.7054
vn -0.4327 0.5614 0.7054
usemtl None.011
s 1
f 81//61 82//61 83//61 84//61
f 84//62 83//62 85//62 86//62
f 86//63 85//63 87//63 88//63
f 88//64 87//64 82//64 81//64
f 84//65 86//65 88//65 81//65
f 85//66 83//66 82//66 87//66
o Cube.008_Cube.003_Cube.008_Cube.010
v 12.039988 0.672357 -50.804569
v 11.174523 1.795194 -49.393822
v 12.094783 0.724596 -47.977154
v 12.960247 -0.398241 -49.387901
v 10.544269 -0.537569 -47.923786
v 11.409734 -1.660405 -49.334534
v 9.624009 0.533029 -49.340450
v 10.489473 -0.589808 -50.751198
vn 0.7753 0.6311 -0.0267
vn 0.4601 -0.5353 0.7083
vn -0.7753 -0.6311 0.0267
vn -0.4601 0.5353 -0.7083
vn 0.4327 -0.5614 -0.7054
vn -0.4327 0.5614 0.7054
usemtl None.011
s 1
f 89//67 90//67 91//67 92//67
f 92//68 91//68 93//68 94//68
f 94//69 93//69 95//69 96//69
f 96//70 95//70 90//70 89//70
f 92//71 94//71 96//71 89//71
f 93//72 91//72 90//72 95//72
o Cube.006_Cube.004_Cube.006_Cube.011
v 2.135166 0.672357 -66.042274
v 1.269702 1.795194 -64.631523
v 2.189962 0.724596 -63.214859
v 3.055426 -0.398241 -64.625610
v 0.639447 -0.537569 -63.161491
v 1.504912 -1.660405 -64.572235
v -0.280812 0.533029 -64.578156
v 0.584652 -0.589808 -65.988907
vn 0.7753 0.6311 -0.0267
vn 0.4601 -0.5353 0.7083
vn -0.7753 -0.6311 0.0267
vn -0.4601 0.5353 -0.7083
vn 0.4327 -0.5614 -0.7054
vn -0.4327 0.5614 0.7054
usemtl None.012
s 1
f 97//73 98//73 99//73 100//73
f 100//74 99//74 101//74 102//74
f 102//75 101//75 103//75 104//75
f 104//76 103//76 98//76 97//76
f 100//77 102//77 104//77 97//77
f 101//78 99//78 98//78 103//78
o Cube.007_Cube.004_Cube.007_Cube.011
v 2.087222 0.672357 -67.435181
v 1.221758 1.795194 -66.024429
v 2.142018 0.724596 -64.607765
v 3.007483 -0.398241 -66.018509
v 0.591504 -0.537569 -64.554398
v 1.456969 -1.660405 -65.965141
v -0.328756 0.533029 -65.971062
v 0.536709 -0.589808 -67.381805
vn 0.7753 0.6311 -0.0267
vn 0.4601 -0.5353 0.7083
vn -0.7753 -0.6311 0.0267
vn -0.4601 0.5353 -0.7083
vn 0.4327 -0.5614 -0.7054
vn -0.4327 0.5614 0.7054
usemtl None.012
s 1
f 105//79 106//79 107//79 108//79
f 108//80 107//80 109//80 110//80
f 110//81 109//81 111//81 112//81
f 112//82 111//82 106//82 105//82
f 108//83 110//83 112//83 105//83
f 109//84 107//84 106//84 111//84
o Cube.008_Cube.004_Cube.008_Cube.011
v 3.294995 0.672357 -66.731453
v 2.429531 1.795194 -65.320709
v 3.349791 0.724596 -63.904041
v 4.215255 -0.398241 -65.314789
v 1.799276 -0.537569 -63.850674
v 2.664741 -1.660405 -65.261421
v 0.879017 0.533029 -65.267342
v 1.744481 -0.589808 -66.678085
vn 0.7753 0.6311 -0.0267
vn 0.4601 -0.5353 0.7083
vn -0.7753 -0.6311 0.0267
vn -0.4601 0.5353 -0.7083
vn 0.4327 -0.5614 -0.7054
vn -0.4327 0.5614 0.7054
usemtl None.012
s 1
f 113//85 114//85 115//85 116//85
f 116//86 115//86 117//86 118//86
f 118//87 117//87 119//87 120//87
f 120//88 119//88 114//88 113//88
f 116//89 118//89 120//89 113//89
f 117//90 115//90 114//90 119//90
o Cube.006_Cube.006_Cube.006_Cube.012
v 10.384112 0.672357 -64.527130
v 9.518648 1.795194 -63.116379
v 10.438909 0.724596 -61.699715
v 11.304373 -0.398241 -63.110462
v 8.888393 -0.537569 -61.646347
v 9.753859 -1.660405 -63.057095
v 7.968134 0.533029 -63.063011
v 8.833598 -0.589808 -64.473763
vn 0.7753 0.6311 -0.0267
vn 0.4601 -0.5353 0.7083
vn -0.7753 -0.6311 0.0267
vn -0.4601 0.5353 -0.7083
vn 0.4327 -0.5614 -0.7054
vn -0.4327 0.5614 0.7054
usemtl None.013
s 1
f 121//91 122//91 123//91 124//91
f 124//92 123//92 125//92 126//92
f 126//93 125//93 127//93 128//93
f 128//94 127//94 122//94 121//94
f 124//95 126//95 128//95 121//95
f 125//96 123//96 122//96 127//96
o Cube.007_Cube.006_Cube.007_Cube.012
v 10.336168 0.672357 -65.920036
v 9.470704 1.795194 -64.509285
v 10.390965 0.724596 -63.092621
v 11.256429 -0.398241 -64.503365
v 8.840450 -0.537569 -63.039249
v 9.705915 -1.660405 -64.449997
v 7.920191 0.533029 -64.455917
v 8.785655 -0.589808 -65.866661
vn 0.7753 0.6311 -0.0267
vn 0.4601 -0.5353 0.7083
vn -0.7753 -0.6311 0.0267
vn -0.4601 0.5353 -0.7083
vn 0.4327 -0.5614 -0.7054
vn -0.4327 0.5614 0.7054
usemtl None.013
s 1
f 129//97 130//97 131//97 132//97
f 132//98 131//98 133//98 134//98
f 134//99 133//99 135//99 136//99
f 136//100 135//100 130//100 129//100
f 132//101 134//101 136//101 129//101
f 133//102 131//102 130//102 135//102
o Cube.008_Cube.005_Cube.008_Cube.012
v 11.543941 0.672357 -65.216309
v 10.678477 1.795194 -63.805565
v 11.598737 0.724596 -62.388897
v 12.464201 -0.398241 -63.799644
v 10.048223 -0.537569 -62.335529
v 10.913688 -1.660405 -63.746277
v 9.127963 0.533029 -63.752193
v 9.993427 -0.589808 -65.162941
vn 0.7753 0.6311 -0.0267
vn 0.4601 -0.5353 0.7083
vn -0.7753 -0.6311 0.0267
vn -0.4601 0.5353 -0.7083
vn 0.4327 -0.5614 -0.7054
vn -0.4327 0.5614 0.7054
usemtl None.013
s 1
f 137//103 138//103 139//103 140//103
f 140//104 139//104 141//104 142//104
f 142//105 141//105 143//105 144//105
f 144//106 143//106 138//106 137//106
f 140//107 142//107 144//107 137//107
f 141//108 139//108 138//108 143//108
o Cube.006_Cube.007_Cube.006_Cube.013
v 2.183185 0.672357 -80.598152
v 1.317721 1.795194 -79.187401
v 2.237981 0.724596 -77.770737
v 3.103446 -0.398241 -79.181488
v 0.687467 -0.537569 -77.717369
v 1.552932 -1.660405 -79.128113
v -0.232793 0.533029 -79.134033
v 0.632672 -0.589808 -80.544785
vn 0.7753 0.6311 -0.0267
vn 0.4601 -0.5353 0.7083
vn -0.7753 -0.6311 0.0267
vn -0.4601 0.5353 -0.7083
vn 0.4327 -0.5614 -0.7054
vn -0.4327 0.5614 0.7054
usemtl None.014
s 1
f 145//109 146//109 147//109 148//109
f 148//110 147//110 149//110 150//110
f 150//111 149//111 151//111 152//111
f 152//112 151//112 146//112 145//112
f 148//113 150//113 152//113 145//113
f 149//114 147//114 146//114 151//114
o Cube.007_Cube.007_Cube.007_Cube.013
v 2.135242 0.672357 -81.991058
v 1.269778 1.795194 -80.580307
v 2.190038 0.724596 -79.163643
v 3.055502 -0.398241 -80.574387
v 0.639523 -0.537569 -79.110275
v 1.504988 -1.660405 -80.521019
v -0.280736 0.533029 -80.526939
v 0.584728 -0.589808 -81.937683
vn 0.7753 0.6311 -0.0267
vn 0.4601 -0.5353 0.7083
vn -0.7753 -0.6311 0.0267
vn -0.4601 0.5353 -0.7083
vn 0.4327 -0.5614 -0.7054
vn -0.4327 0.5614 0.7054
usemtl None.014
s 1
f 153//115 154//115 155//115 156//115
f 156//116 155//116 157//116 158//116
f 158//117 157//117 159//117 160//117
f 160//118 159//118 154//118 153//118
f 156//119 158//119 160//119 153//119
f 157//120 155//120 154//120 159//120
o Cube.008_Cube.007_Cube.008_Cube.013
v 3.343014 0.672357 -81.287331
v 2.477550 1.795194 -79.876587
v 3.397810 0.724596 -78.459923
v 4.263275 -0.398241 -79.870667
v 1.847296 -0.537569 -78.406555
v 2.712761 -1.660405 -79.817299
v 0.927036 0.533029 -79.823219
v 1.792500 -0.589808 -81.233963
vn 0.7753 0.6311 -0.0267
vn 0.4601 -0.5353 0.7083
vn -0.7753 -0.6311 0.0267
vn -0.4601 0.5353 -0.7083
vn 0.4327 -0.5614 -0.7054
vn -0.4327 0.5614 0.7054
usemtl None.014
s 1
f 161//121 162//121 163//121 164//121
f 164//122 163//122 165//122 166//122
f 166//123 165//123 167//123 168//123
f 168//124 167//124 162//124 161//124
f 164//125 166//125 168//125 161//125
f 165//126 163//126 162//126 167//126
o Cube.006_Cube.008_Cube.006_Cube.014
v 9.451298 0.672357 -91.628395
v 8.585834 1.795194 -90.217644
v 9.506094 0.724596 -88.800980
v 10.371558 -0.398241 -90.211731
v 7.955579 -0.537569 -88.747612
v 8.821044 -1.660405 -90.158356
v 7.035319 0.533029 -90.164276
v 7.900784 -0.589808 -91.575027
vn 0.7753 0.6311 -0.0267
vn 0.4601 -0.5353 0.7083
vn -0.7753 -0.6311 0.0267
vn -0.4601 0.5353 -0.7083
vn 0.4327 -0.5614 -0.7054
vn -0.4327 0.5614 0.7054
usemtl None.019
s 1
f 169//127 170//127 171//127 172//127
f 172//128 171//128 173//128 174//128
f 174//129 173//129 175//129 176//129
f 176//130 175//130 170//130 169//130
f 172//131 174//131 176//131 169//131
f 173//132 171//132 170//132 175//132
o Cube.007_Cube.008_Cube.007_Cube.014
v 9.403354 0.672357 -93.021301
v 8.537889 1.795194 -91.610550
v 9.458150 0.724596 -90.193886
v 10.323614 -0.398241 -91.604630
v 7.907635 -0.537569 -90.140518
v 8.773101 -1.660405 -91.551262
v 6.987376 0.533029 -91.557182
v 7.852840 -0.589808 -92.967926
vn 0.7753 0.6311 -0.0267
vn 0.4601 -0.5353 0.7083
vn -0.7753 -0.6311 0.0267
vn -0.4601 0.5353 -0.7083
vn 0.4327 -0.5614 -0.7054
vn -0.4327 0.5614 0.7054
usemtl None.019
s 1
f 177//133 178//133 179//133 180//133
f 180//134 179//134 181//134 182//134
f 182//135 181//135 183//135 184//135
f 184//136 183//136 178//136 177//136
f 180//137 182//137 184//137 177//137
f 181//138 179//138 178//138 183//138
o Cube.008_Cube.008_Cube.008_Cube.014
v 10.611127 0.672357 -92.317574
v 9.745663 1.795194 -90.906830
v 10.665922 0.724596 -89.490166
v 11.531387 -0.398241 -90.900909
v 9.115408 -0.537569 -89.436798
v 9.980873 -1.660405 -90.847542
v 8.195148 0.533029 -90.853462
v 9.060613 -0.589808 -92.264206
vn 0.7753 0.6311 -0.0267
vn 0.4601 -0.5353 0.7083
vn -0.7753 -0.6311 0.0267
vn -0.4601 0.5353 -0.7083
vn 0.4327 -0.5614 -0.7054
vn -0.4327 0.5614 0.7054
usemtl None.019
s 1
f 185//139 186//139 187//139 188//139
f 188//140 187//140 189//140 190//140
f 190//141 189//141 191//141 192//141
f 192//142 191//142 186//142 185//142
f 188//143 190//143 192//143 185//143
f 189//144 187//144 186//144 191//144
o Cube.006_Cube.009_Cube.006_Cube.015
v 9.045200 0.672357 -103.426819
v 8.179736 1.795194 -102.016068
v 9.099997 0.724596 -100.599403
v 9.965461 -0.398241 -102.010155
v 7.549481 -0.537569 -100.546036
v 8.414947 -1.660405 -101.956779
v 6.629222 0.533029 -101.962700
v 7.494686 -0.589808 -103.373451
vn 0.7753 0.6311 -0.0267
vn 0.4601 -0.5353 0.7083
vn -0.7753 -0.6311 0.0267
vn -0.4601 0.5353 -0.7083
vn 0.4327 -0.5614 -0.7054
vn -0.4327 0.5614 0.7054
usemtl None.020
s 1
f 193//145 194//145 195//145 196//145
f 196//146 195//146 197//146 198//146
f 198//147 197//147 199//147 200//147
f 200//148 199//148 194//148 193//148
f 196//149 198//149 200//149 193//149
f 197//150 195//150 194//150 199//150
o Cube.007_Cube.009_Cube.007_Cube.015
v 8.997256 0.672357 -104.819725
v 8.131792 1.795194 -103.408974
v 9.052052 0.724596 -101.992310
v 9.917517 -0.398241 -103.403053
v 7.501538 -0.537569 -101.938942
v 8.367003 -1.660405 -103.349686
v 6.581279 0.533029 -103.355606
v 7.446743 -0.589808 -104.766350
vn 0.7753 0.6311 -0.0267
vn 0.4601 -0.5353 0.7083
vn -0.7753 -0.6311 0.0267
vn -0.4601 0.5353 -0.7083
vn 0.4327 -0.5614 -0.7054
vn -0.4327 0.5614 0.7054
usemtl None.020
s 1
f 201//151 202//151 203//151 204//151
f 204//152 203//152 205//152 206//152
f 206//153 205//153 207//153 208//153
f 208//154 207//154 202//154 201//154
f 204//155 206//155 208//155 201//155
f 205//156 203//156 202//156 207//156
o Cube.008_Cube.009_Cube.008_Cube.015
v 10.205029 0.672357 -104.115997
v 9.339565 1.795194 -102.705254
v 10.259825 0.724596 -101.288589
v 11.125290 -0.398241 -102.699333
v 8.709311 -0.537569 -101.235214
v 9.574776 -1.660405 -102.645966
v 7.789051 0.533029 -102.651886
v 8.654515 -0.589808 -104.062630
vn 0.7753 0.6311 -0.0267
vn 0.4601 -0.5353 0.7083
vn -0.7753 -0.6311 0.0267
vn -0.4601 0.5353 -0.7083
vn 0.4327 -0.5614 -0.7054
vn -0.4327 0.5614 0.7054
usemtl None.020
s 1
f 209//157 210//157 211//157 212//157
f 212//158 211//158 213//158 214//158
f 214//159 213//159 215//159 216//159
f 216//160 215//160 210//160 209//160
f 212//161 214//161 216//161 209//161
f 213//162 211//162 210//162 215//162
o Cube.006_Cube.000_Cube.006_Cube.018
v 3.205828 0.672357 -11.642668
v 2.340364 1.795194 -10.231919
v 3.260624 0.724596 -8.815254
v 4.126089 -0.398241 -10.226003
v 1.710110 -0.537569 -8.761885
v 2.575575 -1.660405 -10.172634
v 0.789850 0.533029 -10.178551
v 1.655315 -0.589808 -11.589299
vn 0.7753 0.6311 -0.0267
vn 0.4601 -0.5353 0.7083
vn -0.7753 -0.6311 0.0267
vn -0.4601 0.5353 -0.7083
vn 0.4327 -0.5614 -0.7054
vn -0.4327 0.5614 0.7054
usemtl None.033
s 1
f 217//163 218//163 219//163 220//163
f 220//164 219//164 221//164 222//164
f 222//165 221//165 223//165 224//165
f 224//166 223//166 218//166 217//166
f 220//167 222//167 224//167 217//167
f 221//168 219//168 218//168 223//168
o Cube.007_Cube.000_Cube.007_Cube.018
v 3.157885 0.672357 -13.035573
v 2.292421 1.795194 -11.624825
v 3.212681 0.724596 -10.208159
v 4.078145 -0.398241 -11.618908
v 1.662166 -0.537569 -10.154791
v 2.527631 -1.660405 -11.565538
v 0.741907 0.533029 -11.571456
v 1.607371 -0.589808 -12.982204
vn 0.7753 0.6311 -0.0267
vn 0.4601 -0.5353 0.7083
vn -0.7753 -0.6311 0.0267
vn -0.4601 0.5353 -0.7083
vn 0.4327 -0.5614 -0.7054
vn -0.4327 0.5614 0.7054
usemtl None.033
s 1
f 225//169 226//169 227//169 228//169
f 228//170 227//170 229//170 230//170
f 230//171 229//171 231//171 232//171
f 232//172 231//172 226//172 225//172
f 228//173 230//173 232//173 225//173
f 229//174 227//174 226//174 231//174
o Cube.008_Cube.000_Cube.008_Cube.018
v 4.365657 0.672357 -12.331851
v 3.500193 1.795194 -10.921103
v 4.420454 0.724596 -9.504437
v 5.285918 -0.398241 -10.915186
v 2.869939 -0.537569 -9.451069
v 3.735404 -1.660405 -10.861817
v 1.949679 0.533029 -10.867734
v 2.815144 -0.589808 -12.278482
vn 0.7753 0.6311 -0.0267
vn 0.4601 -0.5353 0.7083
vn -0.7753 -0.6311 0.0267
vn -0.4601 0.5353 -0.7083
vn 0.4327 -0.5614 -0.7054
vn -0.4327 0.5614 0.7054
usemtl None.033
s 1
f 233//175 234//175 235//175 236//175
f 236//176 235//176 237//176 238//176
f 238//177 237//177 239//177 240//177
f 240//178 239//178 234//178 233//178
f 236//179 238//179 240//179 233//179
f 237//180 235//180 234//180 239//180
o Cube.006_Cube.010_Cube.006_Cube.019
v 3.205828 0.672357 -39.056622
v 2.340364 1.795194 -37.645874
v 3.260624 0.724596 -36.229210
v 4.126089 -0.398241 -37.639957
v 1.710110 -0.537569 -36.175842
v 2.575575 -1.660405 -37.586590
v 0.789850 0.533029 -37.592506
v 1.655315 -0.589808 -39.003254
vn 0.7753 0.6311 -0.0267
vn 0.4601 -0.5353 0.7083
vn -0.7753 -0.6311 0.0267
vn -0.4601 0.5353 -0.7083
vn 0.4327 -0.5614 -0.7054
vn -0.4327 0.5614 0.7054
usemtl None.034
s 1
f 241//181 242//181 243//181 244//181
f 244//182 243//182 245//182 246//182
f 246//183 245//183 247//183 248//183
f 248//184 247//184 242//184 241//184
f 244//185 246//185 248//185 241//185
f 245//186 243//186 242//186 247//186
o Cube.007_Cube.010_Cube.007_Cube.019
v 3.157885 0.672357 -40.449528
v 2.292421 1.795194 -39.038780
v 3.212681 0.724596 -37.622116
v 4.078145 -0.398241 -39.032864
v 1.662166 -0.537569 -37.568745
v 2.527631 -1.660405 -38.979496
v 0.741907 0.533029 -38.985413
v 1.607371 -0.589808 -40.396160
vn 0.7753 0.6311 -0.0267
vn 0.4601 -0.5353 0.7083
vn -0.7753 -0.6311 0.0267
vn -0.4601 0.5353 -0.7083
vn 0.4327 -0.5614 -0.7054
vn -0.4327 0.5614 0.7054
usemtl None.034
s 1
f 249//187 250//187 251//187 252//187
f 252//188 251//188 253//188 254//188
f 254//189 253//189 255//189 256//189
f 256//190 255//190 250//190 249//190
f 252//191 254//191 256//191 249//191
f 253//192 251//192 250//192 255//192
o Cube.008_Cube.010_Cube.008_Cube.019
v 4.365657 0.672357 -39.745808
v 3.500193 1.795194 -38.335060
v 4.420454 0.724596 -36.918392
v 5.285918 -0.398241 -38.329140
v 2.869939 -0.537569 -36.865025
v 3.735404 -1.660405 -38.275772
v 1.949679 0.533029 -38.281689
v 2.815144 -0.589808 -39.692436
vn 0.7753 0.6311 -0.0267
vn 0.4601 -0.5353 0.7083
vn -0.7753 -0.6311 0.0267
vn -0.4601 0.5353 -0.7083
vn 0.4327 -0.5614 -0.7054
vn -0.4327 0.5614 0.7054
usemtl None.034
s 1
f 257//193 258//193 259//193 260//193
f 260//194 259//194 261//194 262//194
f 262//195 261//195 263//195 264//195
f 264//196 263//196 258//196 257//196
f 260//197 262//197 264//197 257//197
f 261//198 259//198 258//198 263//198
o Cube.006_Cube.011_Cube.006_Cube.020
v 6.760462 0.672357 -50.613739
v 5.894998 1.795194 -49.202991
v 6.815258 0.724596 -47.786327
v 7.680722 -0.398241 -49.197075
v 5.264743 -0.537569 -47.732960
v 6.130208 -1.660405 -49.143707
v 4.344483 0.533029 -49.149624
v 5.209948 -0.589808 -50.560371
vn 0.7753 0.6311 -0.0267
vn 0.4601 -0.5353 0.7083
vn -0.7753 -0.6311 0.0267
vn -0.4601 0.5353 -0.7083
vn 0.4327 -0.5614 -0.7054
vn -0.4327 0.5614 0.7054
usemtl None.035
s 1
f 265//199 266//199 267//199 268//199
f 268//200 267//200 269//200 270//200
f 270//201 269//201 271//201 272//201
f 272//202 271//202 266//202 265//202
f 268//203 270//203 272//203 265//203
f 269//204 267//204 266//204 271//204
o Cube.007_Cube.011_Cube.007_Cube.020
v 6.712518 0.672357 -52.006645
v 5.847054 1.795194 -50.595898
v 6.767314 0.724596 -49.179234
v 7.632778 -0.398241 -50.589981
v 5.216799 -0.537569 -49.125862
v 6.082264 -1.660405 -50.536613
v 4.296540 0.533029 -50.542530
v 5.162004 -0.589808 -51.953278
vn 0.7753 0.6311 -0.0267
vn 0.4601 -0.5353 0.7083
vn -0.7753 -0.6311 0.0267
vn -0.4601 0.5353 -0.7083
vn 0.4327 -0.5614 -0.7054
vn -0.4327 0.5614 0.7054
usemtl None.035
s 1
f 273//205 274//205 275//205 276//205
f 276//206 275//206 277//206 278//206
f 278//207 277//207 279//207 280//207
f 280//208 279//208 274//208 273//208
f 276//209 278//209 280//209 273//209
f 277//210 275//210 274//210 279//210
o Cube.008_Cube.011_Cube.008_Cube.020
v 7.920290 0.672357 -51.302925
v 7.054826 1.795194 -49.892178
v 7.975087 0.724596 -48.475510
v 8.840551 -0.398241 -49.886257
v 6.424572 -0.537569 -48.422142
v 7.290037 -1.660405 -49.832890
v 5.504313 0.533029 -49.838806
v 6.369777 -0.589808 -51.249554
vn 0.7753 0.6311 -0.0267
vn 0.4601 -0.5353 0.7083
vn -0.7753 -0.6311 0.0267
vn -0.4601 0.5353 -0.7083
vn 0.4327 -0.5614 -0.7054
vn -0.4327 0.5614 0.7054
usemtl None.035
s 1
f 281//211 282//211 283//211 284//211
f 284//212 283//212 285//212 286//212
f 286//213 285//213 287//213 288//213
f 288//214 287//214 282//214 281//214
f 284//215 286//215 288//215 281//215
f 285//216 283//216 282//216 287//216
o Cube.006_Cube.012_Cube.006_Cube.021
v 6.319585 0.672357 -80.453178
v 5.454121 1.795194 -79.042427
v 6.374381 0.724596 -77.625763
v 7.239845 -0.398241 -79.036514
v 4.823866 -0.537569 -77.572395
v 5.689331 -1.660405 -78.983139
v 3.903607 0.533029 -78.989059
v 4.769071 -0.589808 -80.399811
vn 0.7753 0.6311 -0.0267
vn 0.4601 -0.5353 0.7083
vn -0.7753 -0.6311 0.0267
vn -0.4601 0.5353 -0.7083
vn 0.4327 -0.5614 -0.7054
vn -0.4327 0.5614 0.7054
usemtl None.036
s 1
f 289//217 290//217 291//217 292//217
f 292//218 291//218 293//218 294//218
f 294//219 293//219 295//219 296//219
f 296//220 295//220 290//220 289//220
f 292//221 294//221 296//221 289//221
f 293//222 291//222 290//222 295//222
o Cube.007_Cube.012_Cube.007_Cube.021
v 6.271641 0.672357 -81.846085
v 5.406177 1.795194 -80.435333
v 6.326437 0.724596 -79.018669
v 7.191901 -0.398241 -80.429413
v 4.775922 -0.537569 -78.965302
v 5.641387 -1.660405 -80.376045
v 3.855663 0.533029 -80.381966
v 4.721128 -0.589808 -81.792709
vn 0.7753 0.6311 -0.0267
vn 0.4601 -0.5353 0.7083
vn -0.7753 -0.6311 0.0267
vn -0.4601 0.5353 -0.7083
vn 0.4327 -0.5614 -0.7054
vn -0.4327 0.5614 0.7054
usemtl None.036
s 1
f 297//223 298//223 299//223 300//223
f 300//224 299//224 301//224 302//224
f 302//225 301//225 303//225 304//225
f 304//226 303//226 298//226 297//226
f 300//227 302//227 304//227 297//227
f 301//228 299//228 298//228 303//228
o Cube.008_Cube.012_Cube.008_Cube.021
v 7.479414 0.672357 -81.142357
v 6.613949 1.795194 -79.731613
v 7.534210 0.724596 -78.314949
v 8.399673 -0.398241 -79.725693
v 5.983695 -0.537569 -78.261581
v 6.849160 -1.660405 -79.672325
v 5.063436 0.533029 -79.678246
v 5.928900 -0.589808 -81.088989
vn 0.7753 0.6311 -0.0267
vn 0.4601 -0.5353 0.7083
vn -0.7753 -0.6311 0.0267
vn -0.4601 0.5353 -0.7083
vn 0.4327 -0.5614 -0.7054
vn -0.4327 0.5614 0.7054
usemtl None.036
s 1
f 305//229 306//229 307//229 308//229
f 308//230 307//230 309//230 310//230
f 310//231 309//231 311//231 312//231
f 312//232 311//232 306//232 305//232
f 308//233 310//233 312//233 305//233
f 309//234 307//234 306//234 311//234
o Cube.006_Cube.013_Cube.006_Cube.022
v 6.319585 0.672357 -91.872475
v 5.454121 1.795194 -90.461723
v 6.374381 0.724596 -89.045059
v 7.239845 -0.398241 -90.455811
v 4.823866 -0.537569 -88.991692
v 5.689331 -1.660405 -90.402435
v 3.903607 0.533029 -90.408356
v 4.769071 -0.589808 -91.819107
vn 0.7753 0.6311 -0.0267
vn 0.4601 -0.5353 0.7083
vn -0.7753 -0.6311 0.0267
vn -0.4601 0.5353 -0.7083
vn 0.4327 -0.5614 -0.7054
vn -0.4327 0.5614 0.7054
usemtl None.037
s 1
f 313//235 314//235 315//235 316//235
f 316//236 315//236 317//236 318//236
f 318//237 317//237 319//237 320//237
f 320//238 319//238 314//238 313//238
f 316//239 318//239 320//239 313//239
f 317//240 315//240 314//240 319//240
o Cube.007_Cube.013_Cube.007_Cube.022
v 6.271641 0.672357 -93.265381
v 5.406177 1.795194 -91.854630
v 6.326437 0.724596 -90.437965
v 7.191901 -0.398241 -91.848709
v 4.775922 -0.537569 -90.384598
v 5.641387 -1.660405 -91.795341
v 3.855663 0.533029 -91.801262
v 4.721128 -0.589808 -93.212006
vn 0.7753 0.6311 -0.0267
vn 0.4601 -0.5353 0.7083
vn -0.7753 -0.6311 0.0267
vn -0.4601 0.5353 -0.7083
vn 0.4327 -0.5614 -0.7054
vn -0.4327 0.5614 0.7054
usemtl None.037
s 1
f 321//241 322//241 323//241 324//241
f 324//242 323//242 325//242 326//242
f 326//243 325//243 327//243 328//243
f 328//244 327//244 322//244 321//244
f 324//245 326//245 328//245 321//245
f 325//246 323//246 322//246 327//246
o Cube.008_Cube.013_Cube.008_Cube.022
v 7.479414 0.672357 -92.561653
v 6.613949 1.795194 -91.150909
v 7.534210 0.724596 -89.734245
v 8.399673 -0.398241 -91.144989
v 5.983695 -0.537569 -89.680878
v 6.849160 -1.660405 -91.091621
v 5.063436 0.533029 -91.097542
v 5.928900 -0.589808 -92.508286
vn 0.7753 0.6311 -0.0267
vn 0.4601 -0.5353 0.7083
vn -0.7753 -0.6311 0.0267
vn -0.4601 0.5353 -0.7083
vn 0.4327 -0.5614 -0.7054
vn -0.4327 0.5614 0.7054
usemtl None.037
s 1
f 329//247 330//247 331//247 332//247
f 332//248 331//248 333//248 334//248
f 334//249 333//249 335//249 336//249
f 336//250 335//250 330//250 329//250
f 332//251 334//251 336//251 329//251
f 333//252 331//252 330//252 335//252
o Cube.006_Cube.014_Cube.006_Cube.023
v 0.460672 0.672357 -103.455742
v -0.404792 1.795194 -102.044991
v 0.515468 0.724596 -100.628326
v 1.380932 -0.398241 -102.039078
v -1.035047 -0.537569 -100.574959
v -0.169581 -1.660405 -101.985703
v -1.955306 0.533029 -101.991623
v -1.089842 -0.589808 -103.402374
vn 0.7753 0.6311 -0.0267
vn 0.4601 -0.5353 0.7083
vn -0.7753 -0.6311 0.0267
vn -0.4601 0.5353 -0.7083
vn 0.4327 -0.5614 -0.7054
vn -0.4327 0.5614 0.7054
usemtl None.038
s 1
f 337//253 338//253 339//253 340//253
f 340//254 339//254 341//254 342//254
f 342//255 341//255 343//255 344//255
f 344//256 343//256 338//256 337//256
f 340//257 342//257 344//257 337//257
f 341//258 339//258 338//258 343//258
o Cube.007_Cube.014_Cube.007_Cube.023
v 0.412729 0.672357 -104.848648
v -0.452736 1.795194 -103.437897
v 0.467525 0.724596 -102.021233
v 1.332989 -0.398241 -103.431976
v -1.082990 -0.537569 -101.967865
v -0.217525 -1.660405 -103.378609
v -2.003249 0.533029 -103.384529
v -1.137785 -0.589808 -104.795273
vn 0.7753 0.6311 -0.0267
vn 0.4601 -0.5353 0.7083
vn -0.7753 -0.6311 0.0267
vn -0.4601 0.5353 -0.7083
vn 0.4327 -0.5614 -0.7054
vn -0.4327 0.5614 0.7054
usemtl None.038
s 1
f 345//259 346//259 347//259 348//259
f 348//260 347//260 349//260 350//260
f 350//261 349//261 351//261 352//261
f 352//262 351//262 346//262 345//262
f 348//263 350//263 352//263 345//263
f 349//264 347//264 346//264 351//264
o Cube.008_Cube.014_Cube.008_Cube.023
v 1.620501 0.672357 -104.144920
v 0.755037 1.795194 -102.734177
v 1.675297 0.724596 -101.317513
v 2.540761 -0.398241 -102.728256
v 0.124782 -0.537569 -101.264145
v 0.990248 -1.660405 -102.674889
v -0.795477 0.533029 -102.680809
v 0.069987 -0.589808 -104.091553
vn 0.7753 0.6311 -0.0267
vn 0.4601 -0.5353 0.7083
vn -0.7753 -0.6311 0.0267
vn -0.4601 0.5353 -0.7083
vn 0.4327 -0.5614 -0.7054
vn -0.4327 0.5614 0.7054
usemtl None.038
s 1
f 353//265 354//265 355//265 356//265
f 356//266 355//266 357//266 358//266
f 358//267 357//267 359//267 360//267
f 360//268 359//268 354//268 353//268
f 356//269 358//269 360//269 353//269
f 357//270 355//270 354//270 359//270
