# Blender v2.79 (sub 0) OBJ File: ''
# www.blender.org
mtllib fakeLongSlope.mtl
o Cube.007_Cube.030_Cube.007_Cube.006
v 6.496310 0.497770 4.753923
v 6.192067 1.649254 4.752662
v 5.040590 1.345018 4.757155
v 5.344832 0.193535 4.758417
v 5.036567 1.342649 3.566164
v 5.340810 0.191166 3.567427
v 6.188046 1.646887 3.561671
v 6.492288 0.495401 3.562933
vn 0.0034 0.0020 1.0000
vn -0.9668 -0.2554 0.0038
vn -0.0034 -0.0020 -1.0000
vn 0.9668 0.2554 -0.0038
vn 0.2555 -0.9668 0.0011
vn -0.2555 0.9668 -0.0011
usemtl None.371
s 1
f 1//1 2//1 3//1 4//1
f 4//2 3//2 5//2 6//2
f 6//3 5//3 7//3 8//3
f 8//4 7//4 2//4 1//4
f 4//5 6//5 8//5 1//5
f 5//6 3//6 2//6 7//6
o Cube.008_Cube.042_Cube.008_Cube.006
v -8.469325 -3.457673 3.605073
v -8.773568 -2.306189 3.603811
v -9.925046 -2.610425 3.608305
v -9.620803 -3.761908 3.609566
v -9.929069 -2.612793 2.417313
v -9.624825 -3.764277 2.418575
v -8.777591 -2.308558 2.412819
v -8.473348 -3.460041 2.414082
vn 0.0034 0.0020 1.0000
vn -0.9668 -0.2554 0.0038
vn -0.0034 -0.0020 -1.0000
vn 0.9668 0.2554 -0.0038
vn 0.2555 -0.9668 0.0011
vn -0.2555 0.9668 -0.0011
usemtl None.383
s 1
f 9//7 10//7 11//7 12//7
f 12//8 11//8 13//8 14//8
f 14//9 13//9 15//9 16//9
f 16//10 15//10 10//10 9//10
f 12//11 14//11 16//11 9//11
f 13//12 11//12 10//12 15//12
o Cube.006_Cube.040_Cube.006_Cube.005
v 0.740831 -1.024227 3.569132
v 0.436589 0.127256 3.567870
v -0.714889 -0.176979 3.572364
v -0.410647 -1.328465 3.573626
v -0.718911 -0.179348 2.381374
v -0.414670 -1.330832 2.382633
v 0.432567 0.124887 2.376881
v 0.736811 -1.026596 2.378139
vn 0.0034 0.0020 1.0000
vn -0.9668 -0.2554 0.0038
vn -0.0034 -0.0020 -1.0000
vn 0.9668 0.2554 -0.0038
vn 0.2555 -0.9668 0.0011
vn -0.2555 0.9668 -0.0011
usemtl None.384
s 1
f 17//13 18//13 19//13 20//13
f 20//14 19//14 21//14 22//14
f 22//15 21//15 23//15 24//15
f 24//16 23//16 18//16 17//16
f 20//17 22//17 24//17 17//17
f 21//18 19//18 18//18 23//18
o Cube.004_Cube.004_Cube.004_Cube.006
v 3.071482 -0.403570 8.005187
v 2.767241 0.747915 8.003925
v 1.615762 0.443684 8.008419
v 1.920004 -0.707802 8.009681
v 1.611740 0.441315 6.817427
v 1.915982 -0.710171 6.818690
v 2.763219 0.745546 6.812934
v 3.067461 -0.405937 6.814197
vn 0.0034 0.0020 1.0000
vn -0.9668 -0.2554 0.0038
vn -0.0034 -0.0020 -1.0000
vn 0.9668 0.2554 -0.0038
vn 0.2554 -0.9668 0.0011
vn -0.2554 0.9668 -0.0011
usemtl None.425
s 1
f 25//19 26//19 27//19 28//19
f 28//20 27//20 29//20 30//20
f 30//21 29//21 31//21 32//21
f 32//22 31//22 26//22 25//22
f 28//23 30//23 32//23 25//23
f 29//24 27//24 26//24 31//24
o Cube.007_Cube.041_Cube.007_Cube.005
v -7.330222 -3.156708 3.600628
v -7.634463 -2.005224 3.599366
v -8.785941 -2.309459 3.603860
v -8.481700 -3.460942 3.605122
v -8.789964 -2.311827 2.412867
v -8.485721 -3.463310 2.414129
v -7.638486 -2.007593 2.408373
v -7.334243 -3.159076 2.409636
vn 0.0034 0.0020 1.0000
vn -0.9668 -0.2554 0.0038
vn -0.0034 -0.0020 -1.0000
vn 0.9668 0.2554 -0.0038
vn 0.2555 -0.9668 0.0011
vn -0.2554 0.9668 -0.0011
usemtl None.382
s 1
f 33//25 34//25 35//25 36//25
f 36//26 35//26 37//26 38//26
f 38//27 37//27 39//27 40//27
f 40//28 39//28 34//28 33//28
f 36//29 38//29 40//29 33//29
f 37//30 35//30 34//30 39//30
o Cube.009_Cube.012_Cube.009_Cube.005
v 4.203496 -0.105705 6.875435
v 3.899253 1.045778 6.874172
v 2.747774 0.741547 6.878666
v 3.052017 -0.409937 6.879929
v 2.743752 0.739178 5.687675
v 3.047995 -0.412306 5.688937
v 3.895231 1.043411 5.683182
v 4.199474 -0.108074 5.684444
vn 0.0034 0.0020 1.0000
vn -0.9668 -0.2554 0.0038
vn -0.0034 -0.0020 -1.0000
vn 0.9668 0.2554 -0.0038
vn 0.2554 -0.9668 0.0011
vn -0.2554 0.9668 -0.0011
usemtl None.374
s 1
f 41//31 42//31 43//31 44//31
f 44//32 43//32 45//32 46//32
f 46//33 45//33 47//33 48//33
f 48//34 47//34 42//34 41//34
f 44//35 46//35 48//35 41//35
f 45//36 43//36 42//36 47//36
o Cube.007_Cube.040_Cube.007_Cube.005
v -0.428691 -1.333231 3.573696
v -0.732932 -0.181747 3.572433
v -1.884411 -0.485983 3.576927
v -1.580169 -1.637466 3.578189
v -1.888433 -0.488352 2.385937
v -1.584190 -1.639835 2.387197
v -0.736955 -0.184114 2.381443
v -0.432713 -1.335600 2.382704
vn 0.0034 0.0020 1.0000
vn -0.9668 -0.2554 0.0038
vn -0.0034 -0.0020 -1.0000
vn 0.9668 0.2554 -0.0038
vn 0.2555 -0.9668 0.0011
vn -0.2555 0.9668 -0.0011
usemtl None.384
s 1
f 49//37 50//37 51//37 52//37
f 52//38 51//38 53//38 54//38
f 54//39 53//39 55//39 56//39
f 56//40 55//40 50//40 49//40
f 52//41 54//41 56//41 49//41
f 53//42 51//42 50//42 55//42
o Cube.005_Cube.023_Cube.005_Cube.005
v -5.002590 -2.539289 5.807663
v -5.306831 -1.387804 5.806401
v -6.458310 -1.692039 5.810894
v -6.154068 -2.843523 5.812157
v -6.462332 -1.694407 4.619904
v -6.158090 -2.845892 4.621165
v -5.310854 -1.390173 4.615410
v -5.006612 -2.541656 4.616673
vn 0.0034 0.0020 1.0000
vn -0.9668 -0.2554 0.0038
vn -0.0034 -0.0020 -1.0000
vn 0.9668 0.2554 -0.0038
vn 0.2555 -0.9668 0.0011
vn -0.2555 0.9668 -0.0011
usemtl None.390
s 1
f 57//43 58//43 59//43 60//43
f 60//44 59//44 61//44 62//44
f 62//45 61//45 63//45 64//45
f 64//46 63//46 58//46 57//46
f 60//47 62//47 64//47 57//47
f 61//48 59//48 58//48 63//48
o Cube.007_Cube.022_Cube.007_Cube.005
v -0.421206 -1.328825 5.789785
v -0.725449 -0.177340 5.788523
v -1.876927 -0.481577 5.793016
v -1.572685 -1.633060 5.794278
v -1.880949 -0.483944 4.602025
v -1.576707 -1.635427 4.603288
v -0.729470 -0.179708 4.597531
v -0.425229 -1.331194 4.598794
vn 0.0034 0.0020 1.0000
vn -0.9668 -0.2554 0.0038
vn -0.0034 -0.0020 -1.0000
vn 0.9668 0.2554 -0.0038
vn 0.2555 -0.9668 0.0011
vn -0.2555 0.9668 -0.0011
usemtl None.392
s 1
f 65//49 66//49 67//49 68//49
f 68//50 67//50 69//50 70//50
f 70//51 69//51 71//51 72//51
f 72//52 71//52 66//52 65//52
f 68//53 70//53 72//53 65//53
f 69//54 67//54 66//54 71//54
o Cube.008_Cube.040_Cube.008_Cube.006
v 5.353128 0.194405 3.551133
v 5.048886 1.345886 3.549871
v 3.897408 1.041653 3.554364
v 4.201650 -0.109833 3.555627
v 3.893386 1.039284 2.363375
v 4.197629 -0.112200 2.364635
v 5.044864 1.343519 2.358881
v 5.349107 0.192036 2.360144
vn 0.0034 0.0020 1.0000
vn -0.9668 -0.2554 0.0038
vn -0.0034 -0.0020 -1.0000
vn 0.9668 0.2554 -0.0038
vn 0.2555 -0.9668 0.0011
vn -0.2555 0.9668 -0.0011
usemtl None.369
s 1
f 73//55 74//55 75//55 76//55
f 76//56 75//56 77//56 78//56
f 78//57 77//57 79//57 80//57
f 80//58 79//58 74//58 73//58
f 76//59 78//59 80//59 73//59
f 77//60 75//60 74//60 79//60
o Cube.006_Cube.022_Cube.006_Cube.005
v 0.748315 -1.019821 5.785221
v 0.444072 0.131662 5.783958
v -0.707406 -0.172573 5.788452
v -0.403164 -1.324057 5.789715
v -0.711428 -0.174942 4.597462
v -0.407186 -1.326426 4.598723
v 0.440050 0.129295 4.592968
v 0.744293 -1.022190 4.594230
vn 0.0034 0.0020 1.0000
vn -0.9668 -0.2554 0.0038
vn -0.0034 -0.0020 -1.0000
vn 0.9668 0.2554 -0.0038
vn 0.2555 -0.9668 0.0011
vn -0.2555 0.9668 -0.0011
usemtl None.392
s 1
f 81//61 82//61 83//61 84//61
f 84//62 83//62 85//62 86//62
f 86//63 85//63 87//63 88//63
f 88//64 87//64 82//64 81//64
f 84//65 86//65 88//65 81//65
f 85//66 83//66 82//66 87//66
o Cube.009_Cube.056_Cube.009_Cube.005
v -9.611156 -3.753187 9.240542
v -9.915397 -2.601703 9.239281
v -11.066875 -2.905936 9.243774
v -10.762631 -4.057421 9.245035
v -11.070895 -2.908304 8.052783
v -10.766654 -4.059789 8.054045
v -9.919417 -2.604071 8.048290
v -9.615176 -3.755555 8.049551
vn 0.0034 0.0020 1.0000
vn -0.9668 -0.2554 0.0038
vn -0.0034 -0.0020 -1.0000
vn 0.9668 0.2554 -0.0038
vn 0.2554 -0.9668 0.0011
vn -0.2554 0.9668 -0.0011
usemtl None.380
s 1
f 89//67 90//67 91//67 92//67
f 92//68 91//68 93//68 94//68
f 94//69 93//69 95//69 96//69
f 96//70 95//70 90//70 89//70
f 92//71 94//71 96//71 89//71
f 93//72 91//72 90//72 95//72
o Cube.007_Cube.032_Cube.007_Cube.006
v -7.326144 -3.154308 4.807864
v -7.630387 -2.002825 4.806602
v -8.781865 -2.307058 4.811095
v -8.477622 -3.458542 4.812357
v -8.785888 -2.309426 3.620105
v -8.481645 -3.460910 3.621367
v -7.634410 -2.005192 3.615611
v -7.330167 -3.156675 3.616873
vn 0.0034 0.0020 1.0000
vn -0.9668 -0.2554 0.0038
vn -0.0034 -0.0020 -1.0000
vn 0.9668 0.2554 -0.0038
vn 0.2554 -0.9668 0.0011
vn -0.2554 0.9668 -0.0011
usemtl None.387
s 1
f 97//73 98//73 99//73 100//73
f 100//74 99//74 101//74 102//74
f 102//75 101//75 103//75 104//75
f 104//76 103//76 98//76 97//76
f 100//77 102//77 104//77 97//77
f 101//78 99//78 98//78 103//78
o Cube.008_Cube.013_Cube.008_Cube.005
v -1.556582 -1.627596 6.897913
v -1.860826 -0.476112 6.896650
v -3.012305 -0.780346 6.901144
v -2.708061 -1.931831 6.902406
v -3.016326 -0.782715 5.710152
v -2.712083 -1.934198 5.711415
v -1.864847 -0.478481 5.705660
v -1.560605 -1.629965 5.706922
vn 0.0034 0.0020 1.0000
vn -0.9668 -0.2554 0.0038
vn -0.0034 -0.0020 -1.0000
vn 0.9668 0.2554 -0.0038
vn 0.2555 -0.9668 0.0011
vn -0.2554 0.9668 -0.0011
usemtl None.396
s 1
f 105//79 106//79 107//79 108//79
f 108//80 107//80 109//80 110//80
f 110//81 109//81 111//81 112//81
f 112//82 111//82 106//82 105//82
f 108//83 110//83 112//83 105//83
f 109//84 107//84 106//84 111//84
o Cube.009_Cube.014_Cube.009_Cube.005
v -9.618960 -3.757783 6.929374
v -9.923202 -2.606298 6.928113
v -11.074679 -2.910532 6.932606
v -10.770436 -4.062016 6.933867
v -11.078700 -2.912900 5.741615
v -10.774459 -4.064384 5.742877
v -9.927222 -2.608667 5.737122
v -9.622981 -3.760151 5.738383
vn 0.0034 0.0020 1.0000
vn -0.9668 -0.2554 0.0038
vn -0.0034 -0.0020 -1.0000
vn 0.9668 0.2554 -0.0038
vn 0.2554 -0.9668 0.0011
vn -0.2554 0.9668 -0.0011
usemtl None.394
s 1
f 113//85 114//85 115//85 116//85
f 116//86 115//86 117//86 118//86
f 118//87 117//87 119//87 120//87
f 120//88 119//88 114//88 113//88
f 116//89 118//89 120//89 113//89
f 117//90 115//90 114//90 119//90
o Cube.005_Cube.056_Cube.005_Cube.006
v -4.991058 -2.532497 9.222514
v -5.295300 -1.381014 9.221251
v -6.446779 -1.685249 9.225745
v -6.142536 -2.836733 9.227008
v -6.450800 -1.687616 8.034754
v -6.146558 -2.839102 8.036016
v -5.299322 -1.383381 8.030261
v -4.995080 -2.534866 8.031523
vn 0.0034 0.0020 1.0000
vn -0.9668 -0.2554 0.0038
vn -0.0034 -0.0020 -1.0000
vn 0.9668 0.2554 -0.0038
vn 0.2555 -0.9668 0.0011
vn -0.2555 0.9668 -0.0011
usemtl None.381
s 1
f 121//91 122//91 123//91 124//91
f 124//92 123//92 125//92 126//92
f 126//93 125//93 127//93 128//93
f 128//94 127//94 122//94 121//94
f 124//95 126//95 128//95 121//95
f 125//96 123//96 122//96 127//96
o Cube.005_Cube.031_Cube.005_Cube.005
v 1.895535 -0.717817 4.771877
v 1.591294 0.433668 4.770616
v 0.439816 0.129433 4.775109
v 0.744058 -1.022053 4.776371
v 0.435794 0.127064 3.584118
v 0.740035 -1.024420 3.585381
v 1.587271 0.431299 3.579625
v 1.891514 -0.720186 3.580887
vn 0.0034 0.0020 1.0000
vn -0.9668 -0.2554 0.0038
vn -0.0034 -0.0020 -1.0000
vn 0.9668 0.2554 -0.0038
vn 0.2555 -0.9668 0.0011
vn -0.2555 0.9668 -0.0011
usemtl None.388
s 1
f 129//97 130//97 131//97 132//97
f 132//98 131//98 133//98 134//98
f 134//99 133//99 135//99 136//99
f 136//100 135//100 130//100 129//100
f 132//101 134//101 136//101 129//101
f 133//102 131//102 130//102 135//102
o Cube.008_Cube.014_Cube.008_Cube.006
v -8.458116 -3.451073 6.924845
v -8.762359 -2.299589 6.923583
v -9.913836 -2.603825 6.928076
v -9.609593 -3.755308 6.929338
v -9.917857 -2.606193 5.737085
v -9.613616 -3.757677 5.738346
v -8.766379 -2.301957 5.732591
v -8.462138 -3.453441 5.733854
vn 0.0034 0.0020 1.0000
vn -0.9668 -0.2554 0.0038
vn -0.0034 -0.0020 -1.0000
vn 0.9668 0.2554 -0.0038
vn 0.2555 -0.9668 0.0011
vn -0.2555 0.9668 -0.0011
usemtl None.395
s 1
f 137//103 138//103 139//103 140//103
f 140//104 139//104 141//104 142//104
f 142//105 141//105 143//105 144//105
f 144//106 143//106 138//106 137//106
f 140//107 142//107 144//107 137//107
f 141//108 139//108 138//108 143//108
o Cube.008_Cube.041_Cube.008_Cube.006
v -1.567794 -1.634197 3.578141
v -1.872036 -0.482714 3.576879
v -3.023515 -0.786947 3.581372
v -2.719272 -1.938433 3.582635
v -3.027536 -0.789316 2.390381
v -2.723294 -1.940800 2.391642
v -1.876058 -0.485083 2.385889
v -1.571815 -1.636566 2.387148
vn 0.0034 0.0020 1.0000
vn -0.9668 -0.2554 0.0038
vn -0.0034 -0.0020 -1.0000
vn 0.9668 0.2554 -0.0038
vn 0.2555 -0.9668 0.0011
vn -0.2554 0.9668 -0.0011
usemtl None.385
s 1
f 145//109 146//109 147//109 148//109
f 148//110 147//110 149//110 150//110
f 150//111 149//111 151//111 152//111
f 152//112 151//112 146//112 145//112
f 148//113 150//113 152//113 145//113
f 149//114 147//114 146//114 151//114
o Cube.004_Cube.004_Cube.004_Cube.005
v 3.071482 -0.403570 8.005187
v 2.767241 0.747915 8.003925
v 1.615762 0.443684 8.008419
v 1.920004 -0.707802 8.009681
v 1.611740 0.441315 6.817427
v 1.915982 -0.710171 6.818690
v 2.763219 0.745546 6.812934
v 3.067461 -0.405937 6.814197
vn 0.0034 0.0020 1.0000
vn -0.9668 -0.2554 0.0038
vn -0.0034 -0.0020 -1.0000
vn 0.9668 0.2554 -0.0038
vn 0.2554 -0.9668 0.0011
vn -0.2554 0.9668 -0.0011
usemtl None.424
s 1
f 153//115 154//115 155//115 156//115
f 156//116 155//116 157//116 158//116
f 158//117 157//117 159//117 160//117
f 160//118 159//118 154//118 153//118
f 156//119 158//119 160//119 153//119
f 157//120 155//120 154//120 159//120
o Cube.008_Cube.040_Cube.008_Cube.005
v 5.353128 0.194405 3.551133
v 5.048886 1.345886 3.549871
v 3.897408 1.041653 3.554364
v 4.201650 -0.109833 3.555627
v 3.893386 1.039284 2.363375
v 4.197629 -0.112200 2.364635
v 5.044864 1.343519 2.358881
v 5.349107 0.192036 2.360144
vn 0.0034 0.0020 1.0000
vn -0.9668 -0.2554 0.0038
vn -0.0034 -0.0020 -1.0000
vn 0.9668 0.2554 -0.0038
vn 0.2555 -0.9668 0.0011
vn -0.2555 0.9668 -0.0011
usemtl None.368
s 1
f 161//121 162//121 163//121 164//121
f 164//122 163//122 165//122 166//122
f 166//123 165//123 167//123 168//123
f 168//124 167//124 162//124 161//124
f 164//125 166//125 168//125 161//125
f 165//126 163//126 162//126 167//126
o Cube.006_Cube.004_Cube.006_Cube.016
v 0.755780 -1.015425 7.995725
v 0.451537 0.136059 7.994463
v -0.699941 -0.168177 7.998956
v -0.395700 -1.319662 8.000218
v -0.703962 -0.170546 6.807965
v -0.399720 -1.322031 6.809228
v 0.447515 0.133690 6.803472
v 0.751758 -1.017794 6.804734
vn 0.0034 0.0020 1.0000
vn -0.9668 -0.2554 0.0038
vn -0.0034 -0.0020 -1.0000
vn 0.9668 0.2554 -0.0038
vn 0.2555 -0.9668 0.0011
vn -0.2555 0.9668 -0.0011
usemtl None.400
s 1
f 169//127 170//127 171//127 172//127
f 172//128 171//128 173//128 174//128
f 174//129 173//129 175//129 176//129
f 176//130 175//130 170//130 169//130
f 172//131 174//131 176//131 169//131
f 173//132 171//132 170//132 175//132
o Cube.004_Cube.047_Cube.004_Cube.005
v -3.840920 -2.233448 4.812762
v -4.145163 -1.081964 4.811500
v -5.296643 -1.386196 4.815993
v -4.992399 -2.537681 4.817256
v -5.300664 -1.388565 3.625003
v -4.996421 -2.540048 3.626266
v -4.149185 -1.084333 3.620509
v -3.844942 -2.235816 3.621772
vn 0.0034 0.0020 1.0000
vn -0.9668 -0.2554 0.0038
vn -0.0034 -0.0020 -1.0000
vn 0.9668 0.2554 -0.0038
vn 0.2554 -0.9668 0.0011
vn -0.2554 0.9668 -0.0011
usemtl None.406
s 1
f 177//133 178//133 179//133 180//133
f 180//134 179//134 181//134 182//134
f 182//135 181//135 183//135 184//135
f 184//136 183//136 178//136 177//136
f 180//137 182//137 184//137 177//137
f 181//138 179//138 178//138 183//138
o Cube.009_Cube.005_Cube.009_Cube.015
v -9.615222 -3.755582 8.036196
v -9.919463 -2.604097 8.034934
v -11.070941 -2.908331 8.039428
v -10.766700 -4.059814 8.040689
v -11.074962 -2.910700 6.848436
v -10.770720 -4.062183 6.849698
v -9.923484 -2.606466 6.843944
v -9.619243 -3.757950 6.845204
vn 0.0034 0.0020 1.0000
vn -0.9668 -0.2554 0.0038
vn -0.0034 -0.0020 -1.0000
vn 0.9668 0.2554 -0.0038
vn 0.2554 -0.9668 0.0011
vn -0.2554 0.9668 -0.0011
usemtl None.399
s 1
f 185//139 186//139 187//139 188//139
f 188//140 187//140 189//140 190//140
f 190//141 189//141 191//141 192//141
f 192//142 191//142 186//142 185//142
f 188//143 190//143 192//143 185//143
f 189//144 187//144 186//144 191//144
o Cube.005_Cube.040_Cube.005_Cube.006
v 1.891458 -0.720217 3.564642
v 1.587217 0.431267 3.563380
v 0.435739 0.127031 3.567873
v 0.739980 -1.024452 3.569136
v 0.431717 0.124664 2.376883
v 0.735959 -1.026821 2.378143
v 1.583195 0.428898 2.372391
v 1.887437 -0.722586 2.373650
vn 0.0034 0.0020 1.0000
vn -0.9668 -0.2554 0.0038
vn -0.0034 -0.0020 -1.0000
vn 0.9668 0.2554 -0.0038
vn 0.2555 -0.9668 0.0011
vn -0.2555 0.9668 -0.0011
usemtl None.385
s 1
f 193//145 194//145 195//145 196//145
f 196//146 195//146 197//146 198//146
f 198//147 197//147 199//147 200//147
f 200//148 199//148 194//148 193//148
f 196//149 198//149 200//149 193//149
f 197//150 195//150 194//150 199//150
o Cube.008_Cube.057_Cube.008_Cube.006
v 5.372144 0.205601 9.182072
v 5.067901 1.357084 9.180811
v 3.916424 1.052849 9.185306
v 4.220666 -0.098635 9.186566
v 3.912401 1.050480 7.994313
v 4.216644 -0.101004 7.995576
v 5.063880 1.354715 7.989820
v 5.368122 0.203232 7.991082
vn 0.0034 0.0020 1.0000
vn -0.9668 -0.2554 0.0038
vn -0.0034 -0.0020 -1.0000
vn 0.9668 0.2554 -0.0038
vn 0.2555 -0.9668 0.0011
vn -0.2555 0.9668 -0.0011
usemtl None.367
s 1
f 201//151 202//151 203//151 204//151
f 204//152 203//152 205//152 206//152
f 206//153 205//153 207//153 208//153
f 208//154 207//154 202//154 201//154
f 204//155 206//155 208//155 201//155
f 205//156 203//156 202//156 207//156
o Cube.008_Cube.042_Cube.008_Cube.005
v -8.469325 -3.457673 3.605073
v -8.773568 -2.306189 3.603811
v -9.925046 -2.610425 3.608305
v -9.620803 -3.761908 3.609566
v -9.929069 -2.612793 2.417313
v -9.624825 -3.764277 2.418575
v -8.777591 -2.308558 2.412819
v -8.473348 -3.460041 2.414082
vn 0.0034 0.0020 1.0000
vn -0.9668 -0.2554 0.0038
vn -0.0034 -0.0020 -1.0000
vn 0.9668 0.2554 -0.0038
vn 0.2555 -0.9668 0.0011
vn -0.2555 0.9668 -0.0011
usemtl None.382
s 1
f 209//157 210//157 211//157 212//157
f 212//158 211//158 213//158 214//158
f 214//159 213//159 215//159 216//159
f 216//160 215//160 210//160 209//160
f 212//161 214//161 216//161 209//161
f 213//162 211//162 210//162 215//162
o Cube.004_Cube.056_Cube.004_Cube.006
v -3.844997 -2.235848 3.605527
v -4.149240 -1.084364 3.604264
v -5.300719 -1.388597 3.608758
v -4.996476 -2.540080 3.610020
v -5.304741 -1.390965 2.417767
v -5.000498 -2.542448 2.419029
v -4.153262 -1.086733 2.413273
v -3.849019 -2.238216 2.414536
vn 0.0034 0.0020 1.0000
vn -0.9668 -0.2554 0.0038
vn -0.0034 -0.0020 -1.0000
vn 0.9668 0.2554 -0.0038
vn 0.2554 -0.9668 0.0011
vn -0.2554 0.9668 -0.0011
usemtl None.403
s 1
f 217//163 218//163 219//163 220//163
f 220//164 219//164 221//164 222//164
f 222//165 221//165 223//165 224//165
f 224//166 223//166 218//166 217//166
f 220//167 222//167 224//167 217//167
f 221//168 219//168 218//168 223//168
o Cube.008_Cube.012_Cube.008_Cube.006
v 5.364339 0.201006 6.870905
v 5.060097 1.352488 6.869642
v 3.908619 1.048254 6.874136
v 4.212861 -0.103231 6.875398
v 3.904597 1.045885 5.683146
v 4.208839 -0.105598 5.684407
v 5.056075 1.350121 5.678652
v 5.360317 0.198637 5.679914
vn 0.0034 0.0020 1.0000
vn -0.9668 -0.2554 0.0038
vn -0.0034 -0.0020 -1.0000
vn 0.9668 0.2554 -0.0038
vn 0.2555 -0.9668 0.0011
vn -0.2555 0.9668 -0.0011
usemtl None.375
s 1
f 225//169 226//169 227//169 228//169
f 228//170 227//170 229//170 230//170
f 230//171 229//171 231//171 232//171
f 232//172 231//172 226//172 225//172
f 228//173 230//173 232//173 225//173
f 229//174 227//174 226//174 231//174
o Cube.009_Cube.005_Cube.009_Cube.014
v -9.615222 -3.755582 8.036196
v -9.919463 -2.604097 8.034934
v -11.070941 -2.908331 8.039428
v -10.766700 -4.059814 8.040689
v -11.074962 -2.910700 6.848436
v -10.770720 -4.062183 6.849698
v -9.923484 -2.606466 6.843944
v -9.619243 -3.757950 6.845204
vn 0.0034 0.0020 1.0000
vn -0.9668 -0.2554 0.0038
vn -0.0034 -0.0020 -1.0000
vn 0.9668 0.2554 -0.0038
vn 0.2554 -0.9668 0.0011
vn -0.2554 0.9668 -0.0011
usemtl None.398
s 1
f 233//175 234//175 235//175 236//175
f 236//176 235//176 237//176 238//176
f 238//177 237//177 239//177 240//177
f 240//178 239//178 234//178 233//178
f 236//179 238//179 240//179 233//179
f 237//180 235//180 234//180 239//180
o Cube.007_Cube.039_Cube.007_Cube.006
v 6.492233 0.495369 3.546688
v 6.187990 1.646854 3.545426
v 5.036513 1.342617 3.549919
v 5.340755 0.191135 3.551182
v 5.032491 1.340250 2.358929
v 5.336733 0.188766 2.360191
v 6.183969 1.644485 2.354435
v 6.488211 0.493002 2.355698
vn 0.0034 0.0020 1.0000
vn -0.9668 -0.2554 0.0038
vn -0.0034 -0.0020 -1.0000
vn 0.9668 0.2554 -0.0038
vn 0.2555 -0.9668 0.0011
vn -0.2555 0.9668 -0.0011
usemtl None.369
s 1
f 241//181 242//181 243//181 244//181
f 244//182 243//182 245//182 246//182
f 246//183 245//183 247//183 248//183
f 248//184 247//184 242//184 241//184
f 244//185 246//185 248//185 241//185
f 245//186 243//186 242//186 247//186
o Cube.009_Cube.023_Cube.009_Cube.005
v -9.622687 -3.759977 5.825691
v -9.926929 -2.608494 5.824430
v -11.078406 -2.912726 5.828923
v -10.774163 -4.064211 5.830185
v -11.082427 -2.915094 4.637933
v -10.778186 -4.066579 4.639194
v -9.930949 -2.610861 4.633439
v -9.626708 -3.762346 4.634701
vn 0.0034 0.0020 1.0000
vn -0.9668 -0.2554 0.0038
vn -0.0034 -0.0020 -1.0000
vn 0.9668 0.2554 -0.0038
vn 0.2554 -0.9668 0.0011
vn -0.2554 0.9668 -0.0011
usemtl None.390
s 1
f 249//187 250//187 251//187 252//187
f 252//188 251//188 253//188 254//188
f 254//189 253//189 255//189 256//189
f 256//190 255//190 250//190 249//190
f 252//191 254//191 256//191 249//191
f 253//192 251//192 250//192 255//192
o Cube.007_Cube.012_Cube.007_Cube.005
v 6.503444 0.501970 6.866460
v 6.199201 1.653456 6.865197
v 5.047723 1.349218 6.869691
v 5.351966 0.197737 6.870954
v 5.043701 1.346851 5.678700
v 5.347944 0.195368 5.679962
v 6.195179 1.651087 5.674207
v 6.499422 0.499603 5.675468
vn 0.0034 0.0020 1.0000
vn -0.9668 -0.2554 0.0038
vn -0.0034 -0.0020 -1.0000
vn 0.9668 0.2554 -0.0038
vn 0.2555 -0.9668 0.0011
vn -0.2555 0.9668 -0.0011
usemtl None.374
s 1
f 257//193 258//193 259//193 260//193
f 260//194 259//194 261//194 262//194
f 262//195 261//195 263//195 264//195
f 264//196 263//196 258//196 257//196
f 260//197 262//197 264//197 257//197
f 261//198 259//198 258//198 263//198
o Cube.005_Cube.014_Cube.005_Cube.005
v -4.998863 -2.537094 6.911345
v -5.303104 -1.385609 6.910084
v -6.454583 -1.689844 6.914577
v -6.150341 -2.841329 6.915839
v -6.458605 -1.692213 5.723586
v -6.154363 -2.843697 5.724849
v -5.307127 -1.387978 5.719092
v -5.002885 -2.539462 5.720355
vn 0.0034 0.0020 1.0000
vn -0.9668 -0.2554 0.0038
vn -0.0034 -0.0020 -1.0000
vn 0.9668 0.2554 -0.0038
vn 0.2555 -0.9668 0.0011
vn -0.2555 0.9668 -0.0011
usemtl None.394
s 1
f 265//199 266//199 267//199 268//199
f 268//200 267//200 269//200 270//200
f 270//201 269//201 271//201 272//201
f 272//202 271//202 266//202 265//202
f 268//203 270//203 272//203 265//203
f 269//204 267//204 266//204 271//204
o Cube.004_Cube.005_Cube.004_Cube.005
v -3.830049 -2.227047 8.032120
v -4.134292 -1.075563 8.030857
v -5.285770 -1.379795 8.035351
v -4.981527 -2.531279 8.036613
v -5.289792 -1.382162 6.844360
v -4.985550 -2.533648 6.845622
v -4.138314 -1.077930 6.839866
v -3.834070 -2.229415 6.841129
vn 0.0034 0.0020 1.0000
vn -0.9668 -0.2554 0.0038
vn -0.0034 -0.0020 -1.0000
vn 0.9668 0.2554 -0.0038
vn 0.2554 -0.9668 0.0011
vn -0.2554 0.9668 -0.0011
usemtl None.422
s 1
f 273//205 274//205 275//205 276//205
f 276//206 275//206 277//206 278//206
f 278//207 277//207 279//207 280//207
f 280//208 279//208 274//208 273//208
f 276//209 278//209 280//209 273//209
f 277//210 275//210 274//210 279//210
o Cube.009_Cube.021_Cube.009_Cube.006
v 4.199769 -0.107901 5.771752
v 3.895526 1.043585 5.770490
v 2.744047 0.739351 5.774983
v 3.048290 -0.412132 5.776246
v 2.740025 0.736984 4.583993
v 3.044268 -0.414501 4.585255
v 3.891504 1.041216 4.579499
v 4.195747 -0.110268 4.580762
vn 0.0034 0.0020 1.0000
vn -0.9668 -0.2554 0.0038
vn -0.0034 -0.0020 -1.0000
vn 0.9668 0.2554 -0.0038
vn 0.2554 -0.9668 0.0011
vn -0.2554 0.9668 -0.0011
usemtl None.373
s 1
f 281//211 282//211 283//211 284//211
f 284//212 283//212 285//212 286//212
f 286//213 285//213 287//213 288//213
f 288//214 287//214 282//214 281//214
f 284//215 286//215 288//215 281//215
f 285//216 283//216 282//216 287//216
o Cube.004_Cube.047_Cube.004_Cube.006
v -3.840920 -2.233448 4.812762
v -4.145163 -1.081964 4.811500
v -5.296643 -1.386196 4.815993
v -4.992399 -2.537681 4.817256
v -5.300664 -1.388565 3.625003
v -4.996421 -2.540048 3.626266
v -4.149185 -1.084333 3.620509
v -3.844942 -2.235816 3.621772
vn 0.0034 0.0020 1.0000
vn -0.9668 -0.2554 0.0038
vn -0.0034 -0.0020 -1.0000
vn 0.9668 0.2554 -0.0038
vn 0.2554 -0.9668 0.0011
vn -0.2554 0.9668 -0.0011
usemtl None.407
s 1
f 289//217 290//217 291//217 292//217
f 292//218 291//218 293//218 294//218
f 294//219 293//219 295//219 296//219
f 296//220 295//220 290//220 289//220
f 292//221 294//221 296//221 289//221
f 293//222 291//222 290//222 295//222
o Cube.009_Cube.004_Cube.009_Cube.013
v -2.713691 -1.932104 8.009264
v -3.017932 -0.780621 8.008002
v -4.169410 -1.084854 8.012495
v -3.865169 -2.236338 8.013758
v -4.173432 -1.087221 6.821505
v -3.869190 -2.238707 6.822766
v -3.021954 -0.782988 6.817011
v -2.717712 -1.934473 6.818274
vn 0.0034 0.0020 1.0000
vn -0.9668 -0.2554 0.0038
vn -0.0034 -0.0020 -1.0000
vn 0.9668 0.2554 -0.0038
vn 0.2554 -0.9668 0.0011
vn -0.2554 0.9668 -0.0011
usemtl None.400
s 1
f 297//223 298//223 299//223 300//223
f 300//224 299//224 301//224 302//224
f 302//225 301//225 303//225 304//225
f 304//226 303//226 298//226 297//226
f 300//227 302//227 304//227 297//227
f 301//228 299//228 298//228 303//228
o Cube.007_Cube.031_Cube.007_Cube.006
v -0.424613 -1.330832 4.780931
v -0.728856 -0.179346 4.779670
v -1.880334 -0.483583 4.784163
v -1.576092 -1.635065 4.785425
v -1.884356 -0.485950 3.593172
v -1.580113 -1.637434 3.594434
v -0.732877 -0.181715 3.588678
v -0.428636 -1.333199 3.589941
vn 0.0034 0.0020 1.0000
vn -0.9668 -0.2554 0.0038
vn -0.0034 -0.0020 -1.0000
vn 0.9668 0.2554 -0.0038
vn 0.2555 -0.9668 0.0011
vn -0.2555 0.9668 -0.0011
usemtl None.389
s 1
f 305//229 306//229 307//229 308//229
f 308//230 307//230 309//230 310//230
f 310//231 309//231 311//231 312//231
f 312//232 311//232 306//232 305//232
f 308//233 310//233 312//233 305//233
f 309//234 307//234 306//234 311//234
o Cube.005_Cube.056_Cube.005_Cube.005
v -4.991058 -2.532497 9.222514
v -5.295300 -1.381014 9.221251
v -6.446779 -1.685249 9.225745
v -6.142536 -2.836733 9.227008
v -6.450800 -1.687616 8.034754
v -6.146558 -2.839102 8.036016
v -5.299322 -1.383381 8.030261
v -4.995080 -2.534866 8.031523
vn 0.0034 0.0020 1.0000
vn -0.9668 -0.2554 0.0038
vn -0.0034 -0.0020 -1.0000
vn 0.9668 0.2554 -0.0038
vn 0.2555 -0.9668 0.0011
vn -0.2555 0.9668 -0.0011
usemtl None.380
s 1
f 313//235 314//235 315//235 316//235
f 316//236 315//236 317//236 318//236
f 318//237 317//237 319//237 320//237
f 320//238 319//238 314//238 313//238
f 316//239 318//239 320//239 313//239
f 317//240 315//240 314//240 319//240
o Cube.009_Cube.058_Cube.009_Cube.006
v 4.211301 -0.101110 9.186603
v 3.907058 1.050375 9.185341
v 2.755579 0.746141 9.189835
v 3.059822 -0.405342 9.191096
v 2.751557 0.743774 7.998843
v 3.055800 -0.407711 8.000106
v 3.903036 1.048006 7.994349
v 4.207279 -0.103477 7.995612
vn 0.0034 0.0020 1.0000
vn -0.9668 -0.2554 0.0038
vn -0.0034 -0.0020 -1.0000
vn 0.9668 0.2554 -0.0038
vn 0.2554 -0.9668 0.0011
vn -0.2554 0.9668 -0.0011
usemtl None.367
s 1
f 321//241 322//241 323//241 324//241
f 324//242 323//242 325//242 326//242
f 326//243 325//243 327//243 328//243
f 328//244 327//244 322//244 321//244
f 324//245 326//245 328//245 321//245
f 325//246 323//246 322//246 327//246
o Cube.007_Cube.057_Cube.007_Cube.006
v 6.511250 0.506567 9.177628
v 6.207006 1.658051 9.176366
v 5.055528 1.353815 9.180860
v 5.359771 0.202332 9.182121
v 5.051506 1.351446 7.989868
v 5.355749 0.199963 7.991130
v 6.202984 1.655684 7.985374
v 6.507227 0.504198 7.986637
vn 0.0034 0.0020 1.0000
vn -0.9668 -0.2554 0.0038
vn -0.0034 -0.0020 -1.0000
vn 0.9668 0.2554 -0.0038
vn 0.2555 -0.9668 0.0011
vn -0.2555 0.9668 -0.0011
usemtl None.367
s 1
f 329//247 330//247 331//247 332//247
f 332//248 331//248 333//248 334//248
f 334//249 333//249 335//249 336//249
f 336//250 335//250 330//250 329//250
f 332//251 334//251 336//251 329//251
f 333//252 331//252 330//252 335//252
o Cube.005_Cube.005_Cube.005_Cube.015
v -4.995125 -2.534893 8.018167
v -5.299367 -1.383408 8.016905
v -6.450845 -1.687643 8.021399
v -6.146604 -2.839128 8.022660
v -6.454867 -1.690012 6.830407
v -6.150625 -2.841496 6.831670
v -5.303389 -1.385777 6.825914
v -4.999147 -2.537261 6.827176
vn 0.0034 0.0020 1.0000
vn -0.9668 -0.2554 0.0038
vn -0.0034 -0.0020 -1.0000
vn 0.9668 0.2554 -0.0038
vn 0.2555 -0.9668 0.0011
vn -0.2555 0.9668 -0.0011
usemtl None.398
s 1
f 337//253 338//253 339//253 340//253
f 340//254 339//254 341//254 342//254
f 342//255 341//255 343//255 344//255
f 344//256 343//256 338//256 337//256
f 340//257 342//257 344//257 337//257
f 341//258 339//258 338//258 343//258
o Cube.009_Cube.056_Cube.009_Cube.006
v -9.611156 -3.753187 9.240542
v -9.915397 -2.601703 9.239281
v -11.066875 -2.905936 9.243774
v -10.762631 -4.057421 9.245035
v -11.070895 -2.908304 8.052783
v -10.766654 -4.059789 8.054045
v -9.919417 -2.604071 8.048290
v -9.615176 -3.755555 8.049551
vn 0.0034 0.0020 1.0000
vn -0.9668 -0.2554 0.0038
vn -0.0034 -0.0020 -1.0000
vn 0.9668 0.2554 -0.0038
vn 0.2554 -0.9668 0.0011
vn -0.2554 0.9668 -0.0011
usemtl None.381
s 1
f 345//259 346//259 347//259 348//259
f 348//260 347//260 349//260 350//260
f 350//261 349//261 351//261 352//261
f 352//262 351//262 346//262 345//262
f 348//263 350//263 352//263 345//263
f 349//264 347//264 346//264 351//264
o Cube.008_Cube.031_Cube.008_Cube.005
v 5.357205 0.196804 4.758368
v 5.052963 1.348288 4.757107
v 3.901485 1.044052 4.761600
v 4.205727 -0.107431 4.762862
v 3.897463 1.041685 3.570609
v 4.201706 -0.109800 3.571872
v 5.048941 1.345919 3.566116
v 5.353183 0.194435 3.567378
vn 0.0034 0.0020 1.0000
vn -0.9668 -0.2554 0.0038
vn -0.0034 -0.0020 -1.0000
vn 0.9668 0.2554 -0.0038
vn 0.2555 -0.9668 0.0011
vn -0.2555 0.9668 -0.0011
usemtl None.370
s 1
f 353//265 354//265 355//265 356//265
f 356//266 355//266 357//266 358//266
f 358//267 357//267 359//267 360//267
f 360//268 359//268 354//268 353//268
f 356//269 358//269 360//269 353//269
f 357//270 355//270 354//270 359//270
o Cube.007_Cube.030_Cube.007_Cube.005
v 6.496310 0.497770 4.753923
v 6.192067 1.649254 4.752662
v 5.040590 1.345018 4.757155
v 5.344832 0.193535 4.758417
v 5.036567 1.342649 3.566164
v 5.340810 0.191166 3.567427
v 6.188046 1.646887 3.561671
v 6.492288 0.495401 3.562933
vn 0.0034 0.0020 1.0000
vn -0.9668 -0.2554 0.0038
vn -0.0034 -0.0020 -1.0000
vn 0.9668 0.2554 -0.0038
vn 0.2555 -0.9668 0.0011
vn -0.2555 0.9668 -0.0011
usemtl None.370
s 1
f 361//271 362//271 363//271 364//271
f 364//272 363//272 365//272 366//272
f 366//273 365//273 367//273 368//273
f 368//274 367//274 362//274 361//274
f 364//275 366//275 368//275 361//275
f 365//276 363//276 362//276 367//276
o Cube.007_Cube.056_Cube.007_Cube.006
v -0.409675 -1.322035 9.204635
v -0.713917 -0.170549 9.203374
v -1.865396 -0.474787 9.207867
v -1.561152 -1.626270 9.209129
v -1.869417 -0.477154 8.016876
v -1.565175 -1.628637 8.018138
v -0.717938 -0.172918 8.012383
v -0.413697 -1.324402 8.013645
vn 0.0034 0.0020 1.0000
vn -0.9668 -0.2554 0.0038
vn -0.0034 -0.0020 -1.0000
vn 0.9668 0.2554 -0.0038
vn 0.2555 -0.9668 0.0011
vn -0.2555 0.9668 -0.0011
usemtl None.379
s 1
f 369//277 370//277 371//277 372//277
f 372//278 371//278 373//278 374//278
f 374//279 373//279 375//279 376//279
f 376//280 375//280 370//280 369//280
f 372//281 374//281 376//281 369//281
f 373//282 371//282 370//282 375//282
o Cube.007_Cube.039_Cube.007_Cube.005
v 6.492233 0.495369 3.546688
v 6.187990 1.646854 3.545426
v 5.036513 1.342617 3.549919
v 5.340755 0.191135 3.551182
v 5.032491 1.340250 2.358929
v 5.336733 0.188766 2.360191
v 6.183969 1.644485 2.354435
v 6.488211 0.493002 2.355698
vn 0.0034 0.0020 1.0000
vn -0.9668 -0.2554 0.0038
vn -0.0034 -0.0020 -1.0000
vn 0.9668 0.2554 -0.0038
vn 0.2555 -0.9668 0.0011
vn -0.2555 0.9668 -0.0011
usemtl None.368
s 1
f 377//283 378//283 379//283 380//283
f 380//284 379//284 381//284 382//284
f 382//285 381//285 383//285 384//285
f 384//286 383//286 378//286 377//286
f 380//287 382//287 384//287 377//287
f 381//288 379//288 378//288 383//288
o Cube.004_Cube.046_Cube.004_Cube.006
v 3.060611 -0.409971 4.785830
v 2.756369 0.741514 4.784568
v 1.604890 0.437281 4.789062
v 1.909132 -0.714203 4.790324
v 1.600868 0.434914 3.598071
v 1.905110 -0.716572 3.599333
v 2.752347 0.739145 3.593577
v 3.056589 -0.412340 3.594840
vn 0.0034 0.0020 1.0000
vn -0.9668 -0.2554 0.0038
vn -0.0034 -0.0020 -1.0000
vn 0.9668 0.2554 -0.0038
vn 0.2554 -0.9668 0.0011
vn -0.2554 0.9668 -0.0011
usemtl None.409
s 1
f 385//289 386//289 387//289 388//289
f 388//290 387//290 389//290 390//290
f 390//291 389//291 391//291 392//291
f 392//292 391//292 386//292 385//292
f 388//293 390//293 392//293 385//293
f 389//294 387//294 386//294 391//294
o Cube.008_Cube.004_Cube.008_Cube.014
v -1.552845 -1.625395 8.004734
v -1.857087 -0.473911 8.003472
v -3.008567 -0.778145 8.007965
v -2.704324 -1.929630 8.009228
v -3.012589 -0.780514 6.816974
v -2.708346 -1.931997 6.818236
v -1.861110 -0.476280 6.812481
v -1.556867 -1.627764 6.813744
vn 0.0034 0.0020 1.0000
vn -0.9668 -0.2554 0.0038
vn -0.0034 -0.0020 -1.0000
vn 0.9668 0.2554 -0.0038
vn 0.2555 -0.9668 0.0011
vn -0.2554 0.9668 -0.0011
usemtl None.400
s 1
f 393//295 394//295 395//295 396//295
f 396//296 395//296 397//296 398//296
f 398//297 397//297 399//297 400//297
f 400//298 399//298 394//298 393//298
f 396//299 398//299 400//299 393//299
f 397//300 395//300 394//300 399//300
o Cube.005_Cube.014_Cube.005_Cube.006
v -4.998863 -2.537094 6.911345
v -5.303104 -1.385609 6.910084
v -6.454583 -1.689844 6.914577
v -6.150341 -2.841329 6.915839
v -6.458605 -1.692213 5.723586
v -6.154363 -2.843697 5.724849
v -5.307127 -1.387978 5.719092
v -5.002885 -2.539462 5.720355
vn 0.0034 0.0020 1.0000
vn -0.9668 -0.2554 0.0038
vn -0.0034 -0.0020 -1.0000
vn 0.9668 0.2554 -0.0038
vn 0.2555 -0.9668 0.0011
vn -0.2555 0.9668 -0.0011
usemtl None.395
s 1
f 401//301 402//301 403//301 404//301
f 404//302 403//302 405//302 406//302
f 406//303 405//303 407//303 408//303
f 408//304 407//304 402//304 401//304
f 404//305 406//305 408//305 401//305
f 405//306 403//306 402//306 407//306
o Cube.009_Cube.031_Cube.009_Cube.005
v -2.724562 -1.938507 4.789907
v -3.028803 -0.787022 4.788645
v -4.180282 -1.091255 4.793138
v -3.876040 -2.242740 4.794400
v -4.184302 -1.093624 3.602147
v -3.880062 -2.245107 3.603410
v -3.032825 -0.789391 3.597653
v -2.728583 -1.940874 3.598916
vn 0.0034 0.0020 1.0000
vn -0.9668 -0.2554 0.0038
vn -0.0034 -0.0020 -1.0000
vn 0.9668 0.2554 -0.0038
vn 0.2554 -0.9668 0.0011
vn -0.2554 0.9668 -0.0011
usemtl None.388
s 1
f 409//307 410//307 411//307 412//307
f 412//308 411//308 413//308 414//308
f 414//309 413//309 415//309 416//309
f 416//310 415//310 410//310 409//310
f 412//311 414//311 416//311 409//311
f 413//312 411//312 410//312 415//312
o Cube.005_Cube.057_Cube.005_Cube.005
v 1.910474 -0.709021 9.195581
v 1.606232 0.442465 9.194320
v 0.454755 0.138229 9.198813
v 0.758996 -1.013256 9.200075
v 0.450732 0.135860 8.007822
v 0.754974 -1.015623 8.009084
v 1.602210 0.440096 8.003328
v 1.906452 -0.711390 8.004591
vn 0.0034 0.0020 1.0000
vn -0.9668 -0.2554 0.0038
vn -0.0034 -0.0020 -1.0000
vn 0.9668 0.2554 -0.0038
vn 0.2555 -0.9668 0.0011
vn -0.2555 0.9668 -0.0011
usemtl None.378
s 1
f 417//313 418//313 419//313 420//313
f 420//314 419//314 421//314 422//314
f 422//315 421//315 423//315 424//315
f 424//316 423//316 418//316 417//316
f 420//317 422//317 424//317 417//317
f 421//318 419//318 418//318 423//318
o Cube.005_Cube.041_Cube.005_Cube.005
v -5.010074 -2.543694 3.591575
v -5.314316 -1.392210 3.590312
v -6.465794 -1.696445 3.594806
v -6.161551 -2.847929 3.596067
v -6.469815 -1.698814 2.403814
v -6.165574 -2.850298 2.405075
v -5.318337 -1.394579 2.399321
v -5.014096 -2.546062 2.400581
vn 0.0034 0.0020 1.0000
vn -0.9668 -0.2554 0.0038
vn -0.0034 -0.0020 -1.0000
vn 0.9668 0.2554 -0.0038
vn 0.2555 -0.9668 0.0011
vn -0.2555 0.9668 -0.0011
usemtl None.382
s 1
f 425//319 426//319 427//319 428//319
f 428//320 427//320 429//320 430//320
f 430//321 429//321 431//321 432//321
f 432//322 431//322 426//322 425//322
f 428//323 430//323 432//323 425//323
f 429//324 427//324 426//324 431//324
o Cube.008_Cube.004_Cube.008_Cube.012
v -1.552845 -1.625395 8.004734
v -1.857087 -0.473911 8.003472
v -3.008567 -0.778145 8.007965
v -2.704324 -1.929630 8.009228
v -3.012589 -0.780514 6.816974
v -2.708346 -1.931997 6.818236
v -1.861110 -0.476280 6.812481
v -1.556867 -1.627764 6.813744
vn 0.0034 0.0020 1.0000
vn -0.9668 -0.2554 0.0038
vn -0.0034 -0.0020 -1.0000
vn 0.9668 0.2554 -0.0038
vn 0.2555 -0.9668 0.0011
vn -0.2554 0.9668 -0.0011
usemtl None.401
s 1
f 433//325 434//325 435//325 436//325
f 436//326 435//326 437//326 438//326
f 438//327 437//327 439//327 440//327
f 440//328 439//328 434//328 433//328
f 436//329 438//329 440//329 433//329
f 437//330 435//330 434//330 439//330
o Cube.004_Cube.013_Cube.004_Cube.005
v 3.067745 -0.405769 6.898366
v 2.763503 0.745714 6.897103
v 1.612024 0.441483 6.901597
v 1.916266 -0.710003 6.902860
v 1.608002 0.439114 5.710607
v 1.912244 -0.712370 5.711868
v 2.759481 0.743345 5.706113
v 3.063723 -0.408138 5.707376
vn 0.0034 0.0020 1.0000
vn -0.9668 -0.2554 0.0038
vn -0.0034 -0.0020 -1.0000
vn 0.9668 0.2554 -0.0038
vn 0.2554 -0.9668 0.0011
vn -0.2554 0.9668 -0.0011
usemtl None.420
s 1
f 441//331 442//331 443//331 444//331
f 444//332 443//332 445//332 446//332
f 446//333 445//333 447//333 448//333
f 448//334 447//334 442//334 441//334
f 444//335 446//335 448//335 441//335
f 445//336 443//336 442//336 447//336
o Cube.006_Cube.031_Cube.006_Cube.006
v 0.744908 -1.021828 4.776368
v 0.440665 0.129658 4.775105
v -0.710813 -0.174580 4.779599
v -0.406570 -1.326063 4.780861
v -0.714834 -0.176947 3.588609
v -0.410592 -1.328432 3.589870
v 0.436644 0.127289 3.584115
v 0.740887 -1.024195 3.585377
vn 0.0034 0.0020 1.0000
vn -0.9668 -0.2554 0.0038
vn -0.0034 -0.0020 -1.0000
vn 0.9668 0.2554 -0.0038
vn 0.2555 -0.9668 0.0011
vn -0.2555 0.9668 -0.0011
usemtl None.389
s 1
f 449//337 450//337 451//337 452//337
f 452//338 451//338 453//338 454//338
f 454//339 453//339 455//339 456//339
f 456//340 455//340 450//340 449//340
f 452//341 454//341 456//341 449//341
f 453//342 451//342 450//342 455//342
o Cube.006_Cube.056_Cube.006_Cube.005
v -6.141685 -2.836508 9.227004
v -6.445928 -1.685024 9.225741
v -7.597405 -1.989260 9.230235
v -7.293162 -3.140744 9.231498
v -7.601428 -1.991629 8.039246
v -7.297183 -3.143112 8.040506
v -6.449948 -1.687393 8.034751
v -6.145706 -2.838877 8.036014
vn 0.0034 0.0020 1.0000
vn -0.9668 -0.2554 0.0038
vn -0.0034 -0.0020 -1.0000
vn 0.9668 0.2554 -0.0038
vn 0.2555 -0.9668 0.0011
vn -0.2555 0.9668 -0.0011
usemtl None.380
s 1
f 457//343 458//343 459//343 460//343
f 460//344 459//344 461//344 462//344
f 462//345 461//345 463//345 464//345
f 464//346 463//346 458//346 457//346
f 460//347 462//347 464//347 457//347
f 461//348 459//348 458//348 463//348
o Cube.007_Cube.021_Cube.007_Cube.005
v 6.499717 0.499777 5.762777
v 6.195474 1.651260 5.761516
v 5.043996 1.347025 5.766008
v 5.348239 0.195541 5.767271
v 5.039974 1.344656 4.575017
v 5.344217 0.193172 4.576279
v 6.191452 1.648893 4.570524
v 6.495695 0.497408 4.571786
vn 0.0034 0.0020 1.0000
vn -0.9668 -0.2554 0.0038
vn -0.0034 -0.0020 -1.0000
vn 0.9668 0.2554 -0.0038
vn 0.2555 -0.9668 0.0011
vn -0.2555 0.9668 -0.0011
usemtl None.372
s 1
f 465//349 466//349 467//349 468//349
f 468//350 467//350 469//350 470//350
f 470//351 469//351 471//351 472//351
f 472//352 471//352 466//352 465//352
f 468//353 470//353 472//353 465//353
f 469//354 467//354 466//354 471//354
o Cube.008_Cube.013_Cube.008_Cube.006
v -1.556582 -1.627596 6.897913
v -1.860826 -0.476112 6.896650
v -3.012305 -0.780346 6.901144
v -2.708061 -1.931831 6.902406
v -3.016326 -0.782715 5.710152
v -2.712083 -1.934198 5.711415
v -1.864847 -0.478481 5.705660
v -1.560605 -1.629965 5.706922
vn 0.0034 0.0020 1.0000
vn -0.9668 -0.2554 0.0038
vn -0.0034 -0.0020 -1.0000
vn 0.9668 0.2554 -0.0038
vn 0.2555 -0.9668 0.0011
vn -0.2554 0.9668 -0.0011
